0 0.86
1 0.31
2 1.43
3 0.73
4 0.32
5 0.47
6 0.48
7 0.84
8 1.21
9 1.0
10 0.47
11 1.17
12 1.58
13 0.94
14 0.83
15 0.84
16 0.75
17 0.27
18 0.89
19 0.42
20 0.82
21 0.48
22 0.36
23 0.81
24 0.8
25 0.32
26 1.01
27 0.93
28 0.59
29 0.78
30 1.09
31 0.86
32 0.76
33 1.08
34 0.73
35 0.46
36 0.66
37 0.33
38 0.21
39 0.45
40 0.69
41 0.47
42 1.54
43 0.33
44 1.0
45 0.57
46 0.64
47 0.84
48 1.21
49 1.02
50 1.16
51 1.26
52 0.86
53 0.43
54 0.69
55 1.25
56 0.89
57 1.04
58 1.23
59 0.93
60 0.66
61 0.99
62 0.51
63 0.92
64 0.54
65 0.88
66 0.37
67 0.8
68 0.38
69 0.35
70 0.28
71 0.31
72 0.76
73 1.37
74 0.89
75 0.93
76 1.51
77 0.49
78 0.35
79 0.92
80 0.52
81 0.43
82 1.0
83 0.65
84 0.76
85 0.67
86 1.01
87 0.66
88 0.85
89 0.21
90 0.15
91 0.23
92 0.18
93 0.27
94 0.2
95 0.21
96 0.2
97 0.15
98 0.17
99 0.25
