0 20.07
1 21.29
2 20.01
3 19.12
4 22.97
5 18.35
6 24.69
7 20.91
8 21.49
9 25.19
10 23.66
11 24.46
12 19.28
13 24.33
14 20.65
15 20.3
16 23.36
17 23.27
18 20.48
19 19.58
20 23.47
21 20.85
22 26.3
23 24.03
24 22.59
25 21.09
26 21.76
27 20.91
28 21.56
29 24.82
30 22.38
31 21.25
32 22.53
33 20.15
34 24.31
35 22.59
36 22.67
37 21.89
38 24.77
39 18.96
40 23.79
41 22.79
42 20.68
43 20.15
44 24.42
45 20.63
46 23.5
47 21.88
48 23.07
49 20.09
50 18.52
51 17.27
52 22.07
53 18.08
54 25.26
55 17.85
56 21.63
57 22.75
58 24.61
59 21.75
60 21.48
61 18.89
62 19.89
63 23.03
64 23.73
65 18.14
66 23.79
67 21.21
68 22.31
69 21.92
70 20.59
71 25.94
72 22.37
73 25.4
74 15.17
75 22.92
76 22.71
77 17.07
78 18.47
79 20.72
80 20.88
81 22.23
82 23.37
83 18.41
84 23.63
85 16.05
86 20.56
87 24.67
88 18.44
89 23.81
90 20.2
91 21.42
92 22.8
93 21.09
94 19.39
95 21.87
96 24.68
97 20.93
98 18.76
99 22.73
