0 0.43
1 1.15
2 0.49
3 1.65
4 0.45
5 0.75
6 0.6
7 1.18
8 0.58
9 1.04
10 0.73
11 0.97
12 0.44
13 1.66
14 0.73
15 1.33
16 0.61
17 1.22
18 0.57
19 1.35
20 0.61
21 1.05
22 0.58
23 1.34
24 0.45
25 1.06
26 0.44
27 0.98
28 0.44
29 1.29
30 0.57
31 1.01
32 0.44
33 1.08
34 0.42
35 0.91
36 1.25
37 1.06
38 0.47
39 0.9
40 0.47
41 0.9
42 0.5
43 1.11
44 0.47
45 1.45
46 0.44
47 0.93
48 0.45
49 1.05
50 0.52
51 1.08
52 0.57
53 1.05
54 0.41
55 1.15
56 0.75
57 0.97
58 0.73
59 1.98
60 0.48
61 1.35
62 0.67
63 0.94
64 0.5
65 1.1
66 0.6
67 1.02
68 0.44
69 1.34
70 0.74
71 1.1
72 1.01
73 0.67
74 0.9
75 1.18
76 1.58
77 1.21
78 1
79 1.18
80 1.05
81 0.64
82 1.22
83 0.66
84 1.29
85 0.73
86 1.11
87 0.64
88 0.87
89 0.64
90 1.82
91 0.73
92 0.9
93 1.05
94 0.6
95 1.4
96 0.47
97 0.97
98 0.51
99 1.23
