0 0
0 0
0 0
0 0
0 0
0 0
0 0
0 0
0 0
0 1
0 0
0 0
0 0
0 1
0 0
0 0
0 0
0 0
0 0
0 0
0 0
0 0
0 0
0 0
0 1
0 0
0 0
0 0
0 0
0 0
0 2
0 0
0 0
0 0
0 1
0 0
0 0
0 1
0 0
0 0
0 0
0 0
0 0
0 0
0 0
0 1
0 0
0 0
0 0
0 0
1 0
1 0
1 2
1 1
1 1
1 0
1 0
1 0
1 0
1 0
1 1
1 0
1 0
1 0
1 0
1 0
1 0
1 2
1 0
1 1
1 0
1 0
1 0
1 1
1 0
1 0
1 0
1 0
1 0
1 0
1 1
1 0
1 0
1 1
1 0
1 0
1 1
1 0
1 0
1 1
1 1
1 0
1 2
1 0
1 0
1 0
1 0
1 0
1 0
1 0
2 0
2 0
2 1
2 0
2 0
2 1
2 0
2 0
2 0
2 1
2 0
2 0
2 0
2 0
2 0
2 0
2 0
2 1
2 1
2 0
2 0
2 0
2 0
2 0
2 0
2 0
2 0
2 0
2 1
2 0
2 0
2 0
2 1
2 0
2 0
2 0
2 0
2 0
2 0
2 0
2 0
2 1
2 0
2 0
2 0
2 0
2 0
2 0
2 0
2 0
3 0
3 1
3 1
3 0
3 0
3 0
3 0
3 0
3 1
3 1
3 0
3 0
3 0
3 0
3 0
3 0
3 1
3 0
3 0
3 0
3 0
3 1
3 0
3 0
3 0
3 0
3 0
3 0
3 0
3 0
3 0
3 0
3 0
3 0
3 0
3 1
3 0
3 0
3 0
3 1
3 0
3 0
3 0
3 0
3 0
3 2
3 0
3 0
3 0
3 0
4 0
4 0
4 0
4 0
4 0
4 0
4 0
4 1
4 0
4 0
4 0
4 0
4 0
4 0
4 1
4 0
4 0
4 1
4 0
4 1
4 0
4 0
4 1
4 0
4 0
4 0
4 0
4 0
4 0
4 0
4 0
4 0
4 0
4 0
4 0
4 0
4 0
4 0
4 0
4 0
4 0
4 1
4 0
4 0
4 2
4 1
4 0
4 2
4 0
4 0
5 0
5 2
5 0
5 0
5 0
5 0
5 0
5 0
5 0
5 1
5 0
5 0
5 0
5 1
5 0
5 0
5 0
5 0
5 0
5 0
5 0
5 0
5 0
5 0
5 0
5 0
5 0
5 0
5 1
5 0
5 0
5 0
5 0
5 0
5 1
5 0
5 1
5 0
5 0
5 0
5 0
5 0
5 0
5 0
5 0
5 0
5 0
5 0
5 0
5 0
6 0
6 0
6 0
6 0
6 0
6 0
6 0
6 0
6 1
6 0
6 0
6 0
6 2
6 0
6 0
6 0
6 0
6 0
6 0
6 0
6 0
6 0
6 0
6 0
6 0
6 0
6 0
6 2
6 0
6 0
6 0
6 0
6 0
6 0
6 0
6 0
6 0
6 0
6 0
6 0
6 0
6 0
6 1
6 0
6 0
6 0
6 0
6 0
6 0
6 0
7 0
7 1
7 0
7 0
7 0
7 0
7 0
7 1
7 0
7 0
7 0
7 0
7 0
7 0
7 0
7 0
7 2
7 0
7 1
7 0
7 0
7 0
7 0
7 0
7 0
7 0
7 0
7 1
7 0
7 2
7 0
7 1
7 1
7 0
7 0
7 0
7 1
7 1
7 0
7 0
7 1
7 0
7 0
7 0
7 0
7 0
7 0
7 1
7 0
7 0
8 0
8 0
8 0
8 0
8 0
8 0
8 1
8 0
8 0
8 0
8 0
8 0
8 0
8 0
8 0
8 0
8 1
8 0
8 0
8 0
8 0
8 0
8 0
8 1
8 0
8 0
8 0
8 0
8 0
8 0
8 0
8 0
8 0
8 0
8 0
8 0
8 0
8 0
8 0
8 0
8 0
8 0
8 1
8 1
8 0
8 0
8 0
8 0
8 0
8 0
9 0
9 0
9 0
9 1
9 0
9 0
9 0
9 0
9 1
9 0
9 0
9 0
9 0
9 1
9 0
9 0
9 1
9 0
9 1
9 0
9 0
9 1
9 0
9 0
9 1
9 0
9 1
9 0
9 0
9 0
9 0
9 0
9 2
9 1
9 1
9 1
9 0
9 1
9 0
9 0
9 0
9 0
9 0
9 0
9 0
9 0
9 0
9 0
9 0
9 0
10 2
10 1
10 0
10 0
10 0
10 2
10 0
10 0
10 0
10 0
10 0
10 0
10 0
10 1
10 0
10 0
10 1
10 0
10 2
10 0
10 0
10 0
10 0
10 1
10 0
10 0
10 0
10 0
10 0
10 0
10 1
10 0
10 1
10 0
10 2
10 0
10 0
10 0
10 0
10 0
10 1
10 0
10 0
10 0
10 0
10 0
10 0
10 1
10 0
10 0
11 0
11 2
11 0
11 0
11 0
11 0
11 1
11 0
11 0
11 1
11 0
11 1
11 1
11 0
11 0
11 0
11 1
11 2
11 0
11 0
11 0
11 0
11 0
11 1
11 0
11 0
11 0
11 0
11 0
11 1
11 0
11 0
11 0
11 0
11 0
11 0
11 0
11 0
11 0
11 0
11 1
11 1
11 0
11 0
11 0
11 1
11 0
11 0
11 0
11 0
12 0
12 0
12 0
12 0
12 0
12 0
12 0
12 0
12 0
12 0
12 0
12 0
12 0
12 0
12 0
12 0
12 2
12 0
12 0
12 0
12 1
12 0
12 0
12 0
12 0
12 0
12 0
12 0
12 0
12 0
12 0
12 0
12 0
12 0
12 0
12 0
12 0
12 0
12 0
12 0
12 0
12 0
12 0
12 0
12 0
12 1
12 0
12 0
12 0
12 0
13 0
13 0
13 0
13 0
13 0
13 0
13 0
13 0
13 0
13 0
13 1
13 0
13 0
13 0
13 0
13 0
13 0
13 0
13 0
13 0
13 1
13 0
13 0
13 0
13 0
13 1
13 0
13 0
13 0
13 0
13 0
13 0
13 0
13 1
13 2
13 1
13 1
13 0
13 0
13 0
13 1
13 0
13 0
13 1
13 0
13 0
13 0
13 0
13 0
13 0
14 0
14 1
14 0
14 0
14 1
14 1
14 0
14 0
14 0
14 0
14 0
14 1
14 0
14 0
14 0
14 1
14 0
14 0
14 0
14 0
14 1
14 0
14 1
14 0
14 1
14 0
14 0
14 0
14 0
14 0
14 1
14 0
14 0
14 0
14 1
14 0
14 0
14 0
14 0
14 0
14 0
14 0
14 0
14 0
14 0
14 1
14 0
14 0
14 0
14 0
15 0
15 0
15 0
15 1
15 0
15 0
15 0
15 1
15 0
15 0
15 0
15 1
15 0
15 1
15 1
15 0
15 0
15 0
15 0
15 0
15 0
15 0
15 0
15 0
15 0
15 0
15 0
15 0
15 0
15 0
15 1
15 0
15 0
15 0
15 0
15 0
15 0
15 0
15 0
15 0
15 0
15 0
15 0
15 0
15 0
15 0
15 0
15 0
15 1
15 1
16 0
16 0
16 1
16 0
16 0
16 0
16 1
16 1
16 1
16 0
16 0
16 0
16 0
16 0
16 0
16 0
16 1
16 1
16 0
16 0
16 0
16 0
16 0
16 0
16 0
16 1
16 0
16 0
16 0
16 0
16 1
16 0
16 0
16 0
16 0
16 0
16 0
16 1
16 0
16 0
16 0
16 0
16 0
16 0
16 0
16 0
16 0
16 0
16 0
16 0
17 0
17 0
17 0
17 2
17 0
17 0
17 0
17 0
17 0
17 0
17 3
17 0
17 0
17 0
17 0
17 0
17 0
17 0
17 0
17 0
17 0
17 1
17 0
17 1
17 0
17 1
17 1
17 0
17 1
17 0
17 0
17 0
17 0
17 0
17 1
17 0
17 0
17 0
17 2
17 0
17 0
17 0
17 0
17 0
17 1
17 0
17 0
17 0
17 0
17 0
18 0
18 0
18 1
18 0
18 0
18 0
18 0
18 0
18 1
18 0
18 0
18 0
18 0
18 0
18 1
18 0
18 0
18 1
18 2
18 1
18 0
18 0
18 6
18 0
18 1
18 0
18 0
18 1
18 1
18 0
18 0
18 0
18 0
18 1
18 0
18 0
18 0
18 0
18 0
18 0
18 1
18 0
18 0
18 0
18 0
18 0
18 0
18 0
18 0
18 0
19 0
19 0
19 0
19 1
19 0
19 0
19 0
19 0
19 0
19 0
19 0
19 0
19 5
19 0
19 0
19 0
19 0
19 0
19 0
19 1
19 0
19 0
19 0
19 0
19 0
19 0
19 0
19 0
19 0
19 0
19 0
19 0
19 0
19 0
19 0
19 0
19 0
19 1
19 0
19 0
19 0
19 0
19 0
19 0
19 0
19 0
19 0
19 0
19 1
19 1
20 1
20 0
20 2
20 0
20 0
20 0
20 0
20 0
20 0
20 1
20 0
20 0
20 0
20 0
20 1
20 1
20 0
20 1
20 0
20 0
20 0
20 0
20 2
20 0
20 0
20 0
20 0
20 0
20 0
20 1
20 1
20 0
20 1
20 0
20 0
20 0
20 0
20 1
20 0
20 0
20 0
20 0
20 0
20 0
20 0
20 0
20 1
20 0
20 0
20 0
21 0
21 0
21 0
21 0
21 0
21 0
21 0
21 0
21 0
21 0
21 0
21 0
21 1
21 0
21 0
21 0
21 1
21 0
21 2
21 0
21 0
21 1
21 1
21 0
21 1
21 0
21 0
21 0
21 0
21 0
21 0
21 0
21 1
21 0
21 0
21 1
21 0
21 2
21 0
21 0
21 0
21 0
21 0
21 0
21 1
21 0
21 0
21 0
21 0
21 1
22 0
22 0
22 0
22 0
22 0
22 0
22 1
22 0
22 0
22 0
22 1
22 0
22 0
22 0
22 1
22 0
22 1
22 0
22 1
22 1
22 0
22 0
22 0
22 0
22 1
22 0
22 0
22 1
22 1
22 2
22 0
22 1
22 0
22 0
22 0
22 1
22 0
22 0
22 0
22 0
22 0
22 0
22 0
22 0
22 0
22 0
22 0
22 0
22 0
22 0
23 0
23 1
23 0
23 1
23 0
23 0
23 0
23 1
23 0
23 0
23 0
23 0
23 0
23 0
23 0
23 2
23 0
23 0
23 1
23 0
23 1
23 0
23 1
23 0
23 0
23 0
23 0
23 0
23 1
23 0
23 1
23 0
23 0
23 0
23 0
23 0
23 0
23 0
23 1
23 0
23 0
23 0
23 0
23 0
23 0
23 0
23 0
23 0
23 0
23 0
24 0
24 0
24 0
24 0
24 0
24 0
24 0
24 0
24 0
24 1
24 0
24 0
24 0
24 0
24 0
24 0
24 0
24 0
24 0
24 0
24 0
24 0
24 0
24 0
24 1
24 0
24 0
24 1
24 0
24 0
24 0
24 0
24 0
24 0
24 0
24 0
24 0
24 0
24 0
24 0
24 0
24 0
24 0
24 0
24 0
24 0
24 0
24 0
24 0
24 0
25 0
25 0
25 0
25 1
25 0
25 0
25 1
25 1
25 0
25 0
25 1
25 0
25 0
25 1
25 0
25 0
25 0
25 0
25 0
25 0
25 0
25 0
25 0
25 1
25 0
25 0
25 0
25 0
25 0
25 1
25 1
25 0
25 1
25 0
25 1
25 0
25 0
25 1
25 0
25 0
25 1
25 0
25 0
25 0
25 0
25 0
25 0
25 1
25 0
25 0
26 0
26 0
26 0
26 0
26 1
26 0
26 0
26 0
26 1
26 0
26 0
26 0
26 0
26 0
26 0
26 0
26 0
26 0
26 0
26 0
26 0
26 1
26 1
26 1
26 0
26 0
26 1
26 1
26 0
26 0
26 0
26 0
26 0
26 0
26 1
26 0
26 0
26 0
26 0
26 0
26 0
26 0
26 0
26 0
26 0
26 0
26 0
26 0
26 0
26 0
27 0
27 0
27 1
27 1
27 0
27 0
27 0
27 0
27 0
27 0
27 0
27 0
27 0
27 1
27 0
27 0
27 1
27 0
27 0
27 0
27 0
27 0
27 0
27 0
27 0
27 0
27 0
27 0
27 0
27 0
27 0
27 0
27 0
27 0
27 1
27 0
27 0
27 1
27 0
27 1
27 1
27 0
27 1
27 0
27 0
27 0
27 0
27 0
27 0
27 0
28 0
28 0
28 0
28 0
28 0
28 0
28 0
28 0
28 0
28 0
28 1
28 0
28 0
28 0
28 1
28 0
28 2
28 0
28 0
28 0
28 1
28 0
28 0
28 0
28 0
28 0
28 1
28 1
28 1
28 0
28 0
28 0
28 0
28 0
28 0
28 0
28 0
28 1
28 0
28 0
28 1
28 1
28 0
28 0
28 0
28 0
28 1
28 0
28 0
28 0
29 0
29 1
29 0
29 0
29 0
29 0
29 0
29 0
29 0
29 0
29 0
29 1
29 0
29 0
29 0
29 0
29 0
29 0
29 0
29 0
29 1
29 0
29 0
29 0
29 1
29 0
29 0
29 0
29 0
29 0
29 1
29 0
29 0
29 0
29 0
29 0
29 0
29 0
29 0
29 0
29 0
29 0
29 1
29 0
29 0
29 0
29 0
29 0
29 0
29 0
30 1
30 0
30 0
30 1
30 0
30 0
30 0
30 0
30 0
30 0
30 0
30 0
30 0
30 0
30 0
30 0
30 0
30 0
30 0
30 0
30 0
30 0
30 0
30 0
30 0
30 0
30 0
30 0
30 0
30 0
30 0
30 0
30 0
30 0
30 0
30 2
30 2
30 0
30 0
30 0
30 0
30 1
30 0
30 0
30 0
30 0
30 0
30 1
30 0
30 0
31 0
31 0
31 0
31 0
31 0
31 0
31 1
31 0
31 0
31 0
31 1
31 0
31 0
31 0
31 0
31 1
31 1
31 0
31 0
31 0
31 0
31 1
31 0
31 1
31 0
31 0
31 0
31 1
31 1
31 0
31 0
31 0
31 0
31 0
31 0
31 0
31 0
31 0
31 0
31 0
31 1
31 0
31 0
31 0
31 0
31 0
31 0
31 0
31 0
31 0
32 0
32 0
32 0
32 1
32 0
32 0
32 0
32 0
32 0
32 0
32 0
32 2
32 0
32 0
32 0
32 0
32 0
32 0
32 0
32 0
32 0
32 1
32 0
32 0
32 0
32 0
32 2
32 2
32 0
32 0
32 1
32 0
32 0
32 0
32 0
32 0
32 1
32 0
32 0
32 0
32 0
32 0
32 0
32 0
32 0
32 0
32 0
32 0
32 0
32 0
33 1
33 1
33 1
33 0
33 0
33 0
33 0
33 1
33 0
33 0
33 0
33 0
33 0
33 0
33 0
33 0
33 1
33 1
33 1
33 0
33 0
33 0
33 0
33 0
33 0
33 0
33 1
33 0
33 0
33 0
33 0
33 0
33 0
33 0
33 0
33 0
33 0
33 0
33 0
33 0
33 0
33 0
33 0
33 0
33 0
33 0
33 1
33 0
33 0
33 0
34 0
34 0
34 0
34 0
34 1
34 1
34 0
34 0
34 0
34 1
34 0
34 0
34 0
34 0
34 1
34 0
34 0
34 0
34 0
34 0
34 0
34 1
34 1
34 0
34 0
34 0
34 0
34 0
34 2
34 1
34 0
34 0
34 0
34 0
34 0
34 0
34 0
34 0
34 0
34 1
34 0
34 0
34 1
34 0
34 0
34 0
34 0
34 0
34 0
34 0
35 0
35 0
35 0
35 1
35 0
35 0
35 0
35 0
35 0
35 0
35 0
35 1
35 0
35 1
35 0
35 0
35 0
35 2
35 0
35 0
35 0
35 1
35 1
35 0
35 0
35 0
35 0
35 0
35 0
35 0
35 0
35 1
35 0
35 0
35 0
35 1
35 0
35 0
35 0
35 0
35 0
35 0
35 0
35 0
35 1
35 0
35 1
35 0
35 0
35 0
36 0
36 0
36 0
36 0
36 0
36 0
36 0
36 1
36 0
36 0
36 0
36 0
36 0
36 0
36 1
36 1
36 0
36 0
36 0
36 1
36 0
36 0
36 1
36 0
36 0
36 0
36 0
36 0
36 0
36 0
36 0
36 0
36 0
36 1
36 0
36 0
36 0
36 0
36 0
36 0
36 0
36 0
36 0
36 0
36 0
36 0
36 1
36 0
36 0
36 0
37 0
37 0
37 1
37 0
37 0
37 0
37 0
37 0
37 0
37 0
37 0
37 0
37 0
37 0
37 0
37 0
37 0
37 0
37 0
37 0
37 0
37 0
37 0
37 0
37 0
37 0
37 0
37 0
37 0
37 0
37 0
37 1
37 0
37 0
37 1
37 0
37 0
37 0
37 0
37 1
37 0
37 0
37 1
37 0
37 0
37 0
37 0
37 1
37 0
37 0
38 0
38 1
38 1
38 1
38 1
38 0
38 1
38 0
38 0
38 1
38 0
38 0
38 0
38 0
38 0
38 0
38 0
38 0
38 0
38 0
38 0
38 0
38 0
38 0
38 0
38 0
38 1
38 0
38 0
38 0
38 0
38 0
38 0
38 0
38 1
38 0
38 0
38 0
38 0
38 0
38 0
38 0
38 0
38 0
38 0
38 0
38 0
38 0
38 0
38 0
39 0
39 0
39 2
39 0
39 0
39 0
39 0
39 0
39 0
39 0
39 0
39 1
39 1
39 1
39 0
39 1
39 1
39 0
39 0
39 2
39 0
39 0
39 1
39 1
39 1
39 0
39 0
39 1
39 0
39 0
39 0
39 1
39 0
39 0
39 0
39 0
39 0
39 1
39 0
39 0
39 0
39 1
39 0
39 0
39 1
39 1
39 0
39 0
39 0
39 1
40 0
40 0
40 0
40 0
40 0
40 0
40 1
40 0
40 0
40 0
40 0
40 0
40 0
40 0
40 0
40 0
40 0
40 0
40 0
40 1
40 0
40 0
40 1
40 0
40 0
40 0
40 0
40 0
40 0
40 0
40 0
40 0
40 0
40 0
40 0
40 0
40 0
40 0
40 0
40 0
40 0
40 0
40 0
40 1
40 0
40 0
40 0
40 0
40 0
40 0
41 0
41 0
41 1
41 0
41 0
41 1
41 1
41 0
41 0
41 0
41 0
41 0
41 0
41 0
41 0
41 0
41 1
41 0
41 0
41 0
41 0
41 0
41 0
41 0
41 0
41 0
41 0
41 1
41 0
41 0
41 0
41 0
41 1
41 0
41 0
41 0
41 0
41 0
41 1
41 0
41 1
41 0
41 0
41 0
41 0
41 0
41 1
41 0
41 0
41 0
42 0
42 0
42 0
42 1
42 1
42 0
42 1
42 1
42 0
42 0
42 0
42 0
42 1
42 0
42 0
42 0
42 0
42 0
42 0
42 0
42 1
42 0
42 0
42 0
42 0
42 0
42 0
42 1
42 0
42 0
42 0
42 0
42 0
42 0
42 1
42 0
42 0
42 0
42 0
42 0
42 0
42 0
42 0
42 0
42 0
42 0
42 0
42 0
42 0
42 0
43 0
43 0
43 0
43 2
43 0
43 1
43 0
43 0
43 0
43 0
43 0
43 0
43 0
43 0
43 1
43 0
43 0
43 1
43 0
43 0
43 0
43 0
43 0
43 0
43 2
43 0
43 0
43 0
43 1
43 0
43 0
43 0
43 0
43 0
43 0
43 0
43 1
43 0
43 1
43 1
43 1
43 0
43 0
43 0
43 0
43 1
43 0
43 1
43 0
43 0
44 0
44 0
44 0
44 0
44 0
44 1
44 0
44 0
44 0
44 0
44 0
44 0
44 0
44 0
44 0
44 0
44 0
44 0
44 0
44 0
44 0
44 0
44 0
44 0
44 0
44 0
44 0
44 0
44 0
44 0
44 0
44 0
44 1
44 0
44 0
44 0
44 0
44 0
44 0
44 0
44 0
44 0
44 0
44 0
44 0
44 0
44 1
44 0
44 0
44 0
45 0
45 0
45 0
45 0
45 0
45 0
45 1
45 0
45 1
45 1
45 0
45 1
45 1
45 0
45 0
45 1
45 0
45 0
45 0
45 0
45 0
45 0
45 0
45 0
45 0
45 1
45 0
45 0
45 1
45 0
45 0
45 0
45 0
45 0
45 0
45 0
45 0
45 0
45 0
45 0
45 0
45 1
45 0
45 0
45 0
45 0
45 0
45 0
45 0
45 0
46 0
46 0
46 0
46 0
46 0
46 0
46 2
46 0
46 0
46 0
46 0
46 1
46 1
46 0
46 0
46 0
46 1
46 0
46 0
46 0
46 0
46 0
46 0
46 0
46 0
46 1
46 0
46 0
46 0
46 0
46 0
46 0
46 0
46 0
46 0
46 0
46 0
46 0
46 0
46 0
46 0
46 1
46 1
46 1
46 0
46 1
46 0
46 0
46 0
46 0
47 0
47 0
47 0
47 0
47 0
47 0
47 0
47 0
47 1
47 0
47 0
47 0
47 0
47 0
47 0
47 0
47 0
47 0
47 0
47 0
47 1
47 0
47 1
47 0
47 0
47 0
47 0
47 0
47 0
47 0
47 0
47 1
47 0
47 0
47 0
47 0
47 0
47 0
47 0
47 0
47 0
47 0
47 0
47 0
47 0
47 0
47 0
47 0
47 0
47 0
48 0
48 0
48 0
48 1
48 1
48 0
48 0
48 0
48 1
48 0
48 0
48 0
48 0
48 0
48 0
48 1
48 0
48 0
48 1
48 0
48 0
48 0
48 1
48 0
48 0
48 0
48 1
48 0
48 0
48 1
48 0
48 0
48 1
48 0
48 0
48 0
48 0
48 0
48 0
48 0
48 0
48 0
48 0
48 0
48 0
48 0
48 0
48 1
48 0
48 0
49 0
49 0
49 0
49 0
49 0
49 0
49 0
49 0
49 0
49 0
49 0
49 0
49 0
49 0
49 0
49 0
49 0
49 0
49 0
49 0
49 0
49 1
49 0
49 0
49 0
49 1
49 2
49 0
49 0
49 0
49 1
49 0
49 0
49 0
49 0
49 0
49 0
49 0
49 0
49 0
49 1
49 0
49 0
49 1
49 0
49 0
49 0
49 0
49 1
49 0
50 0
50 0
50 0
50 0
50 0
50 1
50 0
50 0
50 0
50 2
50 0
50 0
50 0
50 0
50 0
50 0
50 0
50 1
50 0
50 0
50 0
50 1
50 0
50 0
50 0
50 1
50 1
50 0
50 0
50 0
50 0
50 0
50 1
50 0
50 0
50 0
50 1
50 0
50 0
50 0
50 0
50 0
50 0
50 0
50 0
50 0
50 0
50 0
50 0
50 0
51 0
51 1
51 0
51 0
51 0
51 1
51 0
51 0
51 0
51 0
51 0
51 1
51 1
51 0
51 1
51 0
51 0
51 0
51 0
51 0
51 0
51 0
51 0
51 0
51 0
51 0
51 0
51 1
51 0
51 0
51 0
51 0
51 1
51 0
51 0
51 0
51 0
51 0
51 0
51 0
51 1
51 0
51 0
51 0
51 1
51 0
51 0
51 0
51 0
51 0
52 0
52 0
52 1
52 0
52 0
52 0
52 0
52 0
52 0
52 0
52 0
52 0
52 0
52 0
52 1
52 0
52 0
52 0
52 0
52 0
52 0
52 0
52 0
52 1
52 0
52 2
52 0
52 0
52 1
52 1
52 1
52 1
52 0
52 0
52 0
52 0
52 0
52 0
52 1
52 0
52 0
52 0
52 1
52 0
52 0
52 0
52 0
52 2
52 0
52 0
53 0
53 1
53 0
53 1
53 1
53 0
53 0
53 1
53 0
53 0
53 0
53 2
53 0
53 0
53 0
53 0
53 0
53 0
53 0
53 0
53 0
53 0
53 0
53 0
53 0
53 0
53 0
53 0
53 0
53 0
53 0
53 0
53 0
53 1
53 0
53 0
53 0
53 0
53 0
53 2
53 0
53 1
53 0
53 1
53 1
53 0
53 0
53 0
53 0
53 0
54 0
54 0
54 1
54 0
54 1
54 1
54 0
54 0
54 0
54 0
54 0
54 0
54 0
54 1
54 0
54 0
54 0
54 0
54 1
54 0
54 0
54 0
54 0
54 0
54 1
54 0
54 0
54 0
54 0
54 0
54 0
54 1
54 0
54 0
54 0
54 0
54 0
54 0
54 0
54 0
54 0
54 0
54 0
54 1
54 0
54 1
54 0
54 1
54 0
54 1
55 0
55 0
55 0
55 0
55 0
55 0
55 1
55 0
55 0
55 0
55 0
55 0
55 0
55 2
55 0
55 0
55 0
55 0
55 1
55 0
55 0
55 1
55 0
55 1
55 0
55 0
55 0
55 0
55 0
55 1
55 0
55 1
55 0
55 0
55 0
55 1
55 0
55 0
55 2
55 0
55 1
55 0
55 0
55 0
55 0
55 0
55 0
55 0
55 0
55 0
56 0
56 1
56 0
56 0
56 0
56 0
56 0
56 1
56 0
56 0
56 0
56 0
56 0
56 0
56 0
56 2
56 0
56 1
56 0
56 0
56 0
56 0
56 0
56 0
56 0
56 0
56 0
56 0
56 0
56 0
56 0
56 1
56 0
56 0
56 0
56 0
56 0
56 0
56 0
56 1
56 0
56 0
56 0
56 0
56 2
56 0
56 0
56 0
56 0
56 0
57 3
57 0
57 0
57 0
57 1
57 0
57 0
57 0
57 1
57 1
57 0
57 0
57 0
57 1
57 0
57 1
57 0
57 2
57 0
57 0
57 0
57 1
57 0
57 0
57 0
57 0
57 0
57 0
57 0
57 0
57 1
57 0
57 0
57 0
57 0
57 0
57 0
57 1
57 0
57 1
57 0
57 1
57 0
57 0
57 1
57 0
57 0
57 0
57 0
57 0
58 0
58 0
58 0
58 0
58 0
58 0
58 0
58 0
58 0
58 0
58 0
58 1
58 0
58 0
58 0
58 0
58 0
58 0
58 0
58 0
58 0
58 1
58 0
58 0
58 0
58 0
58 1
58 0
58 0
58 0
58 0
58 1
58 0
58 0
58 1
58 0
58 0
58 2
58 0
58 0
58 0
58 0
58 0
58 0
58 0
58 0
58 0
58 0
58 0
58 1
59 0
59 0
59 1
59 0
59 0
59 0
59 0
59 0
59 0
59 1
59 0
59 1
59 0
59 1
59 0
59 0
59 0
59 0
59 0
59 0
59 1
59 0
59 0
59 0
59 0
59 0
59 1
59 0
59 0
59 0
59 0
59 0
59 1
59 0
59 0
59 0
59 0
59 1
59 0
59 0
59 0
59 0
59 1
59 0
59 0
59 1
59 0
59 1
59 1
59 0
60 0
60 0
60 0
60 0
60 0
60 0
60 0
60 0
60 0
60 1
60 0
60 0
60 1
60 0
60 1
60 0
60 0
60 0
60 0
60 2
60 0
60 0
60 0
60 0
60 0
60 0
60 0
60 0
60 0
60 0
60 0
60 0
60 0
60 0
60 0
60 0
60 1
60 0
60 1
60 0
60 0
60 0
60 0
60 1
60 1
60 0
60 0
60 0
60 0
60 1
61 0
61 0
61 0
61 0
61 0
61 0
61 0
61 0
61 2
61 0
61 0
61 0
61 0
61 0
61 0
61 2
61 0
61 0
61 1
61 0
61 0
61 0
61 0
61 0
61 0
61 0
61 0
61 0
61 0
61 0
61 0
61 1
61 0
61 1
61 0
61 0
61 0
61 0
61 0
61 0
61 0
61 0
61 0
61 1
61 1
61 0
61 0
61 0
61 0
61 0
62 0
62 0
62 0
62 0
62 0
62 1
62 0
62 0
62 0
62 1
62 0
62 0
62 0
62 0
62 0
62 1
62 0
62 0
62 0
62 0
62 0
62 0
62 0
62 0
62 0
62 1
62 0
62 0
62 0
62 0
62 0
62 0
62 0
62 1
62 1
62 0
62 1
62 0
62 0
62 0
62 0
62 0
62 1
62 0
62 0
62 0
62 0
62 0
62 1
62 0
63 0
63 0
63 0
63 0
63 0
63 1
63 0
63 0
63 0
63 0
63 0
63 0
63 1
63 0
63 0
63 0
63 0
63 0
63 0
63 0
63 1
63 0
63 0
63 0
63 1
63 0
63 0
63 0
63 0
63 1
63 0
63 0
63 0
63 0
63 0
63 0
63 0
63 0
63 0
63 1
63 0
63 0
63 0
63 0
63 0
63 1
63 0
63 0
63 0
63 0
64 0
64 0
64 0
64 0
64 1
64 0
64 0
64 0
64 1
64 0
64 1
64 1
64 0
64 0
64 1
64 0
64 0
64 0
64 0
64 0
64 0
64 1
64 1
64 0
64 0
64 0
64 3
64 1
64 0
64 1
64 0
64 0
64 0
64 1
64 0
64 0
64 1
64 0
64 0
64 0
64 0
64 1
64 0
64 0
64 0
64 0
64 0
64 0
64 0
64 0
65 1
65 0
65 0
65 0
65 0
65 0
65 0
65 0
65 0
65 2
65 0
65 0
65 0
65 0
65 1
65 0
65 0
65 3
65 0
65 0
65 0
65 0
65 1
65 0
65 0
65 0
65 0
65 0
65 2
65 0
65 0
65 0
65 0
65 0
65 0
65 0
65 0
65 0
65 0
65 0
65 0
65 0
65 1
65 0
65 0
65 0
65 1
65 1
65 0
65 0
66 0
66 0
66 0
66 0
66 1
66 0
66 0
66 0
66 0
66 1
66 0
66 0
66 0
66 0
66 0
66 0
66 0
66 0
66 0
66 1
66 1
66 0
66 0
66 1
66 0
66 0
66 0
66 1
66 0
66 1
66 0
66 1
66 2
66 0
66 0
66 0
66 0
66 0
66 0
66 1
66 0
66 0
66 0
66 0
66 0
66 0
66 0
66 1
66 0
66 0
67 0
67 0
67 1
67 0
67 0
67 1
67 1
67 1
67 1
67 0
67 0
67 0
67 0
67 0
67 1
67 0
67 0
67 1
67 0
67 0
67 0
67 1
67 0
67 0
67 0
67 0
67 1
67 0
67 1
67 1
67 0
67 0
67 0
67 0
67 0
67 0
67 0
67 0
67 0
67 0
67 0
67 0
67 0
67 0
67 0
67 0
67 0
67 1
67 0
67 0
68 0
68 2
68 0
68 1
68 0
68 0
68 0
68 0
68 0
68 0
68 0
68 0
68 0
68 1
68 1
68 0
68 0
68 0
68 0
68 0
68 0
68 0
68 1
68 0
68 0
68 0
68 0
68 0
68 0
68 0
68 0
68 1
68 0
68 0
68 1
68 0
68 0
68 0
68 1
68 0
68 0
68 0
68 0
68 1
68 0
68 0
68 1
68 0
68 0
68 0
69 0
69 0
69 0
69 0
69 0
69 0
69 0
69 0
69 1
69 0
69 0
69 1
69 0
69 0
69 0
69 0
69 0
69 0
69 0
69 0
69 0
69 0
69 0
69 0
69 1
69 0
69 0
69 0
69 1
69 0
69 0
69 0
69 0
69 0
69 0
69 0
69 0
69 0
69 0
69 0
69 0
69 0
69 0
69 0
69 0
69 0
69 1
69 0
69 0
69 0
70 0
70 1
70 1
70 0
70 0
70 0
70 0
70 0
70 0
70 1
70 0
70 0
70 0
70 0
70 0
70 1
70 0
70 0
70 0
70 1
70 0
70 1
70 0
70 0
70 1
70 0
70 0
70 0
70 0
70 0
70 0
70 2
70 0
70 0
70 1
70 0
70 0
70 0
70 0
70 0
70 0
70 0
70 1
70 0
70 0
70 0
70 0
70 0
70 0
70 1
71 0
71 0
71 0
71 1
71 0
71 0
71 0
71 2
71 0
71 1
71 0
71 0
71 1
71 1
71 0
71 1
71 0
71 0
71 0
71 0
71 1
71 1
71 0
71 0
71 0
71 0
71 0
71 0
71 1
71 0
71 1
71 1
71 0
71 0
71 0
71 0
71 0
71 0
71 0
71 0
71 0
71 0
71 0
71 0
71 0
71 0
71 0
71 0
71 0
71 1
72 0
72 0
72 0
72 0
72 0
72 1
72 0
72 0
72 0
72 1
72 0
72 0
72 0
72 0
72 0
72 1
72 0
72 1
72 1
72 0
72 0
72 0
72 0
72 0
72 0
72 1
72 1
72 0
72 1
72 0
72 1
72 0
72 0
72 1
72 0
72 0
72 1
72 1
72 0
72 0
72 1
72 0
72 0
72 0
72 0
72 0
72 0
72 0
72 0
72 0
73 0
73 1
73 0
73 0
73 0
73 2
73 0
73 0
73 0
73 0
73 0
73 0
73 0
73 0
73 0
73 1
73 0
73 0
73 0
73 1
73 0
73 0
73 0
73 0
73 0
73 0
73 0
73 0
73 0
73 0
73 0
73 0
73 0
73 0
73 0
73 0
73 0
73 0
73 0
73 0
73 0
73 0
73 1
73 0
73 0
73 0
73 0
73 1
73 0
73 0
74 0
74 2
74 0
74 0
74 0
74 0
74 0
74 0
74 0
74 1
74 0
74 1
74 2
74 1
74 0
74 0
74 0
74 0
74 1
74 0
74 0
74 0
74 1
74 0
74 0
74 0
74 1
74 0
74 0
74 0
74 1
74 1
74 0
74 0
74 0
74 0
74 0
74 0
74 0
74 0
74 0
74 0
74 0
74 0
74 0
74 0
74 0
74 0
74 0
74 1
75 0
75 0
75 0
75 0
75 0
75 0
75 1
75 1
75 0
75 0
75 0
75 0
75 0
75 0
75 0
75 0
75 0
75 0
75 0
75 0
75 0
75 2
75 0
75 0
75 0
75 0
75 1
75 0
75 0
75 0
75 1
75 0
75 0
75 0
75 0
75 0
75 1
75 0
75 0
75 1
75 0
75 0
75 0
75 1
75 0
75 1
75 0
75 0
75 0
75 0
76 0
76 0
76 0
76 0
76 0
76 0
76 1
76 1
76 0
76 1
76 1
76 1
76 0
76 0
76 1
76 1
76 1
76 0
76 0
76 0
76 2
76 0
76 0
76 1
76 0
76 1
76 0
76 0
76 1
76 0
76 0
76 0
76 0
76 0
76 0
76 0
76 0
76 0
76 0
76 0
76 0
76 0
76 1
76 0
76 0
76 0
76 0
76 0
76 0
76 0
77 0
77 0
77 0
77 0
77 0
77 0
77 0
77 0
77 0
77 1
77 0
77 0
77 0
77 0
77 0
77 1
77 0
77 0
77 0
77 1
77 0
77 1
77 0
77 0
77 0
77 0
77 0
77 0
77 0
77 0
77 0
77 0
77 0
77 0
77 0
77 0
77 0
77 0
77 0
77 0
77 0
77 0
77 0
77 1
77 0
77 0
77 0
77 0
77 0
77 0
78 0
78 0
78 0
78 0
78 0
78 1
78 0
78 2
78 0
78 0
78 0
78 1
78 0
78 0
78 0
78 0
78 1
78 0
78 0
78 0
78 0
78 0
78 1
78 0
78 1
78 0
78 1
78 0
78 1
78 0
78 0
78 1
78 0
78 0
78 0
78 0
78 1
78 0
78 0
78 0
78 0
78 1
78 0
78 0
78 0
78 0
78 0
78 0
78 2
78 0
79 0
79 1
79 1
79 0
79 1
79 0
79 1
79 0
79 1
79 0
79 0
79 0
79 0
79 1
79 0
79 1
79 0
79 0
79 0
79 0
79 0
79 0
79 0
79 0
79 0
79 0
79 0
79 1
79 0
79 0
79 0
79 0
79 0
79 0
79 1
79 0
79 0
79 1
79 0
79 0
79 0
79 0
79 1
79 0
79 0
79 0
79 0
79 0
79 0
79 0
80 0
80 0
80 0
80 0
80 0
80 0
80 0
80 0
80 0
80 0
80 1
80 1
80 1
80 0
80 0
80 1
80 1
80 0
80 0
80 0
80 0
80 0
80 0
80 0
80 0
80 0
80 1
80 1
80 0
80 0
80 0
80 0
80 0
80 0
80 0
80 0
80 0
80 0
80 0
80 0
80 0
80 0
80 0
80 0
80 0
80 0
80 0
80 0
80 0
80 0
81 0
81 0
81 0
81 0
81 0
81 0
81 0
81 0
81 0
81 0
81 0
81 0
81 0
81 1
81 0
81 0
81 0
81 0
81 1
81 0
81 1
81 0
81 2
81 0
81 1
81 0
81 0
81 0
81 0
81 0
81 0
81 0
81 0
81 0
81 0
81 0
81 0
81 0
81 0
81 0
81 0
81 1
81 0
81 0
81 1
81 0
81 1
81 0
81 1
81 1
82 0
82 0
82 1
82 0
82 0
82 0
82 1
82 0
82 0
82 0
82 0
82 1
82 0
82 0
82 0
82 1
82 1
82 0
82 0
82 1
82 0
82 0
82 0
82 0
82 0
82 0
82 0
82 0
82 0
82 0
82 0
82 0
82 0
82 0
82 1
82 0
82 0
82 0
82 1
82 0
82 0
82 0
82 0
82 1
82 0
82 0
82 0
82 0
82 0
82 0
83 0
83 0
83 1
83 0
83 0
83 0
83 0
83 0
83 0
83 0
83 0
83 0
83 0
83 1
83 0
83 0
83 0
83 0
83 0
83 0
83 0
83 1
83 0
83 0
83 0
83 0
83 0
83 0
83 0
83 0
83 0
83 0
83 0
83 0
83 0
83 0
83 0
83 0
83 0
83 0
83 0
83 0
83 0
83 0
83 0
83 0
83 0
83 0
83 0
83 0
84 0
84 1
84 1
84 0
84 0
84 0
84 0
84 0
84 0
84 0
84 0
84 0
84 1
84 0
84 1
84 0
84 0
84 0
84 1
84 0
84 0
84 0
84 1
84 0
84 0
84 0
84 0
84 0
84 0
84 0
84 0
84 0
84 0
84 1
84 0
84 0
84 0
84 1
84 1
84 0
84 1
84 0
84 0
84 0
84 0
84 1
84 0
84 0
84 0
84 0
85 0
85 1
85 1
85 0
85 1
85 0
85 0
85 1
85 3
85 0
85 0
85 0
85 1
85 0
85 0
85 1
85 0
85 0
85 0
85 1
85 0
85 0
85 0
85 1
85 0
85 0
85 0
85 0
85 0
85 1
85 0
85 0
85 1
85 0
85 0
85 0
85 0
85 0
85 0
85 0
85 0
85 0
85 0
85 0
85 0
85 0
85 1
85 1
85 1
85 0
86 0
86 0
86 0
86 0
86 2
86 2
86 0
86 0
86 0
86 0
86 0
86 1
86 1
86 0
86 0
86 0
86 0
86 0
86 0
86 0
86 1
86 1
86 0
86 1
86 0
86 0
86 0
86 0
86 0
86 0
86 0
86 0
86 0
86 0
86 0
86 0
86 0
86 0
86 0
86 0
86 1
86 0
86 0
86 0
86 1
86 0
86 0
86 0
86 0
86 0
87 0
87 0
87 0
87 1
87 0
87 0
87 0
87 0
87 0
87 0
87 1
87 0
87 0
87 0
87 0
87 0
87 0
87 0
87 0
87 0
87 0
87 0
87 0
87 0
87 0
87 0
87 0
87 0
87 1
87 0
87 0
87 0
87 1
87 1
87 0
87 0
87 1
87 0
87 0
87 0
87 0
87 0
87 0
87 0
87 0
87 0
87 0
87 1
87 0
87 0
88 0
88 0
88 0
88 0
88 0
88 1
88 0
88 1
88 0
88 0
88 0
88 0
88 1
88 0
88 1
88 0
88 0
88 0
88 0
88 0
88 0
88 0
88 0
88 0
88 0
88 0
88 0
88 0
88 0
88 0
88 1
88 0
88 0
88 0
88 0
88 0
88 0
88 0
88 1
88 0
88 0
88 0
88 0
88 1
88 0
88 1
88 0
88 0
88 0
88 0
89 0
89 0
89 0
89 0
89 0
89 0
89 0
89 0
89 0
89 0
89 0
89 0
89 1
89 0
89 0
89 0
89 0
89 0
89 0
89 0
89 0
89 0
89 0
89 0
89 0
89 0
89 0
89 0
89 1
89 0
89 0
89 0
89 1
89 0
89 0
89 0
89 0
89 0
89 1
89 0
89 1
89 0
89 0
89 0
89 0
89 0
89 0
89 0
89 0
89 0
90 0
90 0
90 0
90 0
90 1
90 1
90 0
90 0
90 1
90 0
90 0
90 0
90 0
90 0
90 0
90 0
90 0
90 0
90 1
90 0
90 0
90 0
90 0
90 0
90 0
90 1
90 0
90 0
90 0
90 0
90 0
90 0
90 0
90 0
90 1
90 1
90 0
90 1
90 0
90 0
90 1
90 0
90 0
90 0
90 0
90 1
90 0
90 0
90 0
90 0
91 1
91 0
91 0
91 0
91 1
91 0
91 0
91 0
91 0
91 0
91 0
91 0
91 0
91 0
91 0
91 0
91 1
91 0
91 0
91 0
91 0
91 0
91 0
91 1
91 0
91 1
91 0
91 0
91 0
91 0
91 1
91 0
91 0
91 1
91 1
91 0
91 0
91 0
91 0
91 0
91 1
91 0
91 0
91 2
91 0
91 0
91 0
91 0
91 0
91 0
92 0
92 0
92 0
92 0
92 0
92 0
92 1
92 1
92 0
92 0
92 0
92 0
92 1
92 0
92 0
92 0
92 0
92 0
92 0
92 0
92 0
92 0
92 0
92 0
92 0
92 0
92 1
92 0
92 0
92 0
92 0
92 0
92 0
92 0
92 0
92 0
92 0
92 0
92 0
92 0
92 0
92 0
92 0
92 0
92 0
92 0
92 0
92 0
92 0
92 0
93 0
93 0
93 0
93 0
93 0
93 2
93 0
93 0
93 1
93 0
93 1
93 0
93 0
93 0
93 0
93 0
93 0
93 0
93 0
93 0
93 1
93 0
93 0
93 0
93 0
93 0
93 0
93 0
93 0
93 1
93 0
93 0
93 0
93 0
93 0
93 0
93 1
93 1
93 0
93 0
93 0
93 0
93 0
93 0
93 1
93 0
93 0
93 0
93 0
93 0
94 0
94 0
94 0
94 1
94 1
94 0
94 0
94 0
94 0
94 0
94 2
94 0
94 0
94 4
94 0
94 0
94 0
94 0
94 0
94 0
94 0
94 0
94 0
94 0
94 0
94 0
94 0
94 0
94 0
94 0
94 0
94 0
94 0
94 0
94 1
94 0
94 0
94 0
94 0
94 0
94 0
94 0
94 0
94 0
94 2
94 0
94 0
94 0
94 0
94 0
95 0
95 1
95 1
95 0
95 0
95 0
95 2
95 0
95 0
95 0
95 0
95 0
95 1
95 0
95 0
95 0
95 1
95 0
95 1
95 1
95 1
95 0
95 0
95 1
95 0
95 0
95 0
95 0
95 0
95 0
95 0
95 0
95 0
95 0
95 0
95 0
95 0
95 0
95 0
95 0
95 0
95 0
95 0
95 0
95 0
95 0
95 0
95 0
95 0
95 0
96 0
96 0
96 0
96 0
96 0
96 0
96 0
96 0
96 0
96 1
96 7
96 0
96 1
96 0
96 0
96 0
96 0
96 0
96 0
96 0
96 0
96 0
96 0
96 0
96 0
96 0
96 0
96 0
96 0
96 0
96 0
96 0
96 0
96 0
96 0
96 0
96 0
96 0
96 0
96 0
96 0
96 1
96 0
96 1
96 0
96 0
96 1
96 0
96 0
96 0
97 0
97 0
97 1
97 0
97 0
97 0
97 0
97 0
97 0
97 0
97 0
97 1
97 0
97 0
97 0
97 0
97 0
97 0
97 0
97 0
97 0
97 0
97 0
97 0
97 0
97 0
97 0
97 0
97 1
97 0
97 1
97 0
97 0
97 0
97 0
97 0
97 1
97 0
97 0
97 0
97 0
97 0
97 0
97 0
97 1
97 1
97 1
97 0
97 1
97 1
98 1
98 0
98 0
98 2
98 0
98 0
98 1
98 0
98 1
98 0
98 1
98 0
98 0
98 0
98 1
98 1
98 0
98 0
98 0
98 1
98 0
98 0
98 0
98 0
98 0
98 0
98 0
98 0
98 0
98 0
98 0
98 0
98 1
98 0
98 0
98 0
98 1
98 0
98 0
98 2
98 0
98 0
98 0
98 0
98 0
98 0
98 0
98 0
98 0
98 0
99 1
99 1
99 1
99 1
99 0
99 1
99 0
99 0
99 0
99 0
99 0
99 1
99 1
99 0
99 0
99 0
99 0
99 0
99 0
99 0
99 0
99 0
99 2
99 0
99 1
99 0
99 0
99 0
99 0
99 0
99 0
99 0
99 0
99 1
99 0
99 0
99 0
99 0
99 0
99 0
99 0
99 0
99 0
99 1
99 0
99 0
99 0
99 0
99 0
99 0
