0 0
0 0
0 0
0 0
0 0
0 0
0 0
0 0
0 0
0 0
0 0
0 0
0 1
0 0
0 0
0 3
0 0
0 1
0 0
0 0
0 1
0 1
0 0
0 0
0 0
0 0
0 0
0 0
0 0
0 0
0 0
0 1
0 0
0 0
0 0
0 0
0 0
0 0
0 0
0 0
0 0
0 1
0 0
0 0
0 0
0 0
0 0
0 0
0 1
0 0
0 0
0 1
0 1
0 0
0 1
0 0
0 0
0 0
0 0
0 0
0 0
0 0
0 0
0 0
0 0
0 0
0 0
0 0
0 0
0 1
0 0
0 0
0 22
0 22
0 11
0 12
0 0
0 11
0 0
0 0
0 0
0 0
0 1
0 1
0 1
0 0
0 0
0 0
0 1
0 0
0 0
0 0
0 1
0 1
0 2
0 0
0 0
0 1
0 0
0 0
1 0
1 0
1 0
1 0
1 1
1 0
1 0
1 0
1 0
1 1
1 0
1 0
1 1
1 0
1 0
1 0
1 11
1 0
1 0
1 1
1 0
1 1
1 0
1 1
1 0
1 0
1 0
1 1
1 0
1 1
1 1
1 0
1 0
1 0
1 0
1 1
1 2
1 0
1 1
1 0
1 1
1 0
1 0
1 0
1 1
1 0
1 0
1 0
1 0
1 1
1 0
1 0
1 0
1 0
1 0
1 1
1 0
1 1
1 0
1 0
1 1
1 0
1 0
1 29
1 1
1 0
1 0
1 0
1 0
1 15
1 38
1 2
1 0
1 0
1 0
1 1
1 0
1 0
1 0
1 0
1 0
1 0
1 0
1 0
1 0
1 1
1 1
1 0
1 0
1 0
1 0
1 0
1 0
1 0
1 0
1 0
1 0
1 0
1 0
1 0
2 0
2 0
2 0
2 0
2 0
2 0
2 0
2 0
2 1
2 0
2 0
2 0
2 0
2 1
2 0
2 0
2 0
2 0
2 5
2 0
2 1
2 1
2 1
2 0
2 0
2 0
2 0
2 0
2 0
2 0
2 0
2 0
2 0
2 0
2 0
2 0
2 0
2 0
2 0
2 0
2 0
2 0
2 0
2 0
2 0
2 0
2 0
2 0
2 0
2 0
2 1
2 1
2 1
2 0
2 0
2 1
2 0
2 0
2 0
2 0
2 2
2 0
2 1
2 1
2 0
2 0
2 0
2 0
2 128
2 0
2 0
2 0
2 7
2 0
2 0
2 0
2 0
2 19
2 12
2 0
2 0
2 0
2 0
2 0
2 0
2 0
2 1
2 0
2 0
2 0
2 0
2 1
2 0
2 1
2 0
2 0
2 0
2 0
2 0
2 0
3 0
3 0
3 0
3 0
3 0
3 0
3 0
3 0
3 0
3 1
3 0
3 0
3 0
3 0
3 0
3 0
3 0
3 0
3 0
3 0
3 0
3 1
3 0
3 0
3 0
3 0
3 1
3 0
3 0
3 0
3 0
3 0
3 1
3 1
3 0
3 0
3 0
3 1
3 0
3 1
3 1
3 0
3 0
3 1
3 0
3 1
3 0
3 0
3 1
3 1
3 0
3 0
3 0
3 1
3 0
3 0
3 0
3 0
3 0
3 0
3 0
3 0
3 0
3 47
3 0
3 0
3 0
3 0
3 0
3 0
3 12
3 0
3 16
3 1
3 1
3 0
3 0
3 2
3 0
3 0
3 1
3 1
3 0
3 0
3 0
3 0
3 1
3 0
3 0
3 0
3 0
3 0
3 0
3 0
3 0
3 0
3 0
3 0
3 0
3 0
4 0
4 0
4 0
4 0
4 0
4 0
4 0
4 0
4 1
4 0
4 0
4 0
4 0
4 0
4 0
4 14
4 1
4 1
4 0
4 0
4 0
4 0
4 0
4 1
4 0
4 0
4 0
4 0
4 0
4 0
4 0
4 0
4 0
4 0
4 0
4 0
4 0
4 0
4 0
4 0
4 0
4 0
4 0
4 0
4 1
4 0
4 0
4 0
4 0
4 0
4 0
4 0
4 0
4 0
4 0
4 0
4 0
4 0
4 0
4 0
4 2
4 2
4 0
4 0
4 1
4 0
4 94
4 0
4 0
4 10
4 0
4 20
4 0
4 6
4 0
4 0
4 1
4 0
4 0
4 1
4 0
4 0
4 0
4 0
4 1
4 0
4 0
4 0
4 0
4 0
4 0
4 0
4 0
4 0
4 1
4 0
4 0
4 0
4 0
4 1
5 1
5 1
5 0
5 0
5 0
5 0
5 2
5 0
5 0
5 0
5 1
5 0
5 0
5 1
5 1
5 1
5 10
5 0
5 1
5 1
5 0
5 0
5 0
5 0
5 0
5 0
5 0
5 1
5 0
5 0
5 0
5 0
5 0
5 0
5 0
5 0
5 1
5 0
5 0
5 0
5 2
5 0
5 0
5 0
5 1
5 1
5 0
5 0
5 0
5 0
5 0
5 0
5 0
5 0
5 0
5 0
5 0
5 0
5 0
5 0
5 1
5 0
5 1
5 0
5 0
5 0
5 0
5 1
5 0
5 1
5 56
5 0
5 0
5 0
5 29
5 2
5 0
5 0
5 2
5 0
5 0
5 0
5 1
5 0
5 0
5 0
5 1
5 0
5 0
5 0
5 0
5 1
5 0
5 0
5 0
5 0
5 2
5 0
5 0
5 0
6 1
6 0
6 0
6 0
6 2
6 0
6 0
6 1
6 0
6 0
6 0
6 0
6 0
6 0
6 0
6 1
6 0
6 0
6 1
6 0
6 0
6 0
6 0
6 0
6 0
6 0
6 0
6 0
6 0
6 1
6 0
6 0
6 0
6 0
6 0
6 0
6 0
6 0
6 1
6 0
6 0
6 0
6 0
6 0
6 0
6 0
6 0
6 0
6 0
6 3
6 0
6 0
6 0
6 0
6 0
6 0
6 0
6 0
6 0
6 0
6 0
6 0
6 0
6 0
6 2
6 15
6 0
6 0
6 0
6 4
6 2
6 0
6 0
6 38
6 4
6 1
6 0
6 0
6 2
6 6
6 0
6 0
6 0
6 0
6 0
6 0
6 0
6 1
6 0
6 0
6 1
6 0
6 0
6 0
6 0
6 0
6 0
6 0
6 0
6 0
7 0
7 0
7 0
7 0
7 0
7 0
7 1
7 0
7 0
7 0
7 0
7 0
7 0
7 0
7 0
7 1
7 0
7 0
7 6
7 0
7 0
7 1
7 1
7 0
7 1
7 0
7 0
7 0
7 0
7 1
7 0
7 0
7 0
7 0
7 0
7 0
7 0
7 0
7 0
7 0
7 0
7 0
7 0
7 0
7 1
7 0
7 0
7 0
7 0
7 2
7 0
7 0
7 0
7 0
7 0
7 0
7 0
7 0
7 1
7 0
7 0
7 0
7 0
7 24
7 0
7 0
7 1
7 5
7 0
7 37
7 0
7 0
7 2
7 0
7 0
7 0
7 0
7 1
7 0
7 0
7 0
7 0
7 0
7 0
7 0
7 0
7 0
7 0
7 0
7 0
7 0
7 1
7 0
7 0
7 0
7 0
7 0
7 0
7 0
7 0
8 1
8 0
8 1
8 1
8 0
8 1
8 1
8 0
8 0
8 0
8 0
8 0
8 0
8 0
8 0
8 0
8 0
8 0
8 0
8 0
8 0
8 0
8 0
8 0
8 0
8 0
8 2
8 0
8 0
8 0
8 0
8 0
8 0
8 0
8 1
8 0
8 0
8 0
8 0
8 0
8 0
8 0
8 0
8 0
8 0
8 0
8 0
8 0
8 0
8 0
8 0
8 0
8 1
8 1
8 0
8 1
8 1
8 0
8 0
8 0
8 1
8 0
8 0
8 0
8 0
8 0
8 0
8 0
8 0
8 0
8 0
8 0
8 0
8 7
8 21
8 0
8 0
8 46
8 0
8 4
8 0
8 1
8 0
8 0
8 0
8 1
8 4
8 0
8 0
8 0
8 1
8 0
8 1
8 1
8 0
8 0
8 2
8 0
8 0
8 0
9 1
9 1
9 0
9 0
9 0
9 0
9 0
9 0
9 0
9 0
9 0
9 0
9 1
9 0
9 0
9 4
9 0
9 0
9 1
9 0
9 0
9 2
9 0
9 0
9 0
9 0
9 2
9 0
9 0
9 0
9 0
9 0
9 0
9 0
9 0
9 0
9 0
9 0
9 1
9 0
9 1
9 0
9 0
9 1
9 0
9 0
9 0
9 0
9 0
9 1
9 1
9 0
9 1
9 1
9 0
9 0
9 0
9 0
9 0
9 20
9 32
9 24
9 14
9 0
9 0
9 0
9 0
9 0
9 0
9 1
9 0
9 0
9 0
9 0
9 0
9 0
9 1
9 1
9 0
9 0
9 0
9 0
9 0
9 0
9 0
9 0
9 0
9 0
9 0
9 0
9 0
9 0
9 0
9 0
9 0
9 0
9 1
9 0
9 0
9 0
10 0
10 0
10 1
10 1
10 0
10 0
10 1
10 0
10 0
10 0
10 0
10 0
10 0
10 1
10 0
10 0
10 1
10 2
10 0
10 0
10 0
10 0
10 0
10 0
10 0
10 3
10 0
10 0
10 0
10 0
10 0
10 0
10 0
10 0
10 0
10 0
10 0
10 1
10 1
10 1
10 1
10 0
10 0
10 0
10 0
10 0
10 0
10 0
10 0
10 0
10 0
10 1
10 1
10 0
10 0
10 0
10 0
10 0
10 0
10 0
10 52
10 0
10 12
10 0
10 3
10 28
10 0
10 0
10 0
10 0
10 1
10 0
10 0
10 0
10 0
10 6
10 1
10 0
10 0
10 0
10 0
10 0
10 0
10 0
10 1
10 0
10 0
10 0
10 0
10 0
10 0
10 0
10 0
10 0
10 0
10 0
10 0
10 0
10 0
10 0
11 0
11 0
11 0
11 0
11 0
11 0
11 0
11 0
11 1
11 2
11 0
11 0
11 1
11 0
11 0
11 0
11 2
11 1
11 6
11 0
11 0
11 0
11 0
11 0
11 0
11 2
11 0
11 0
11 2
11 0
11 0
11 0
11 0
11 0
11 1
11 0
11 0
11 0
11 0
11 0
11 0
11 0
11 0
11 0
11 0
11 0
11 0
11 0
11 0
11 0
11 0
11 0
11 0
11 0
11 2
11 0
11 0
11 0
11 0
11 0
11 0
11 0
11 0
11 0
11 0
11 75
11 0
11 0
11 0
11 0
11 0
11 0
11 8
11 0
11 1
11 3
11 0
11 0
11 1
11 0
11 0
11 0
11 0
11 1
11 0
11 1
11 0
11 5
11 0
11 0
11 0
11 0
11 0
11 0
11 0
11 0
11 0
11 0
11 0
11 0
12 0
12 0
12 0
12 0
12 0
12 1
12 0
12 0
12 0
12 1
12 1
12 0
12 0
12 0
12 0
12 0
12 1
12 0
12 0
12 0
12 0
12 0
12 0
12 0
12 0
12 0
12 0
12 0
12 0
12 0
12 0
12 0
12 0
12 0
12 0
12 0
12 0
12 1
12 0
12 1
12 0
12 1
12 0
12 0
12 0
12 1
12 0
12 0
12 0
12 0
12 0
12 0
12 0
12 0
12 0
12 0
12 0
12 0
12 0
12 0
12 85
12 73
12 0
12 0
12 0
12 1
12 0
12 0
12 0
12 0
12 0
12 0
12 0
12 0
12 0
12 1
12 0
12 1
12 0
12 0
12 0
12 0
12 0
12 0
12 0
12 0
12 0
12 0
12 0
12 0
12 0
12 0
12 0
12 0
12 0
12 0
12 0
12 0
12 0
12 0
13 0
13 0
13 0
13 0
13 0
13 0
13 1
13 1
13 0
13 0
13 0
13 0
13 0
13 0
13 0
13 3
13 0
13 1
13 0
13 0
13 0
13 0
13 0
13 0
13 0
13 0
13 0
13 0
13 0
13 0
13 1
13 0
13 0
13 1
13 1
13 0
13 1
13 0
13 0
13 0
13 0
13 0
13 0
13 1
13 0
13 0
13 0
13 0
13 0
13 0
13 0
13 0
13 1
13 0
13 2
13 1
13 0
13 0
13 0
13 1
13 0
13 0
13 82
13 54
13 0
13 0
13 1
13 0
13 1
13 1
13 0
13 0
13 0
13 1
13 0
13 1
13 1
13 0
13 0
13 0
13 0
13 0
13 1
13 0
13 0
13 0
13 0
13 1
13 0
13 1
13 0
13 1
13 1
13 0
13 1
13 0
13 0
13 0
13 0
13 0
14 0
14 0
14 0
14 0
14 0
14 0
14 1
14 0
14 1
14 1
14 0
14 0
14 0
14 2
14 1
14 5
14 0
14 0
14 1
14 1
14 0
14 0
14 1
14 0
14 0
14 0
14 0
14 0
14 0
14 0
14 0
14 0
14 0
14 0
14 0
14 0
14 0
14 0
14 0
14 1
14 0
14 0
14 0
14 0
14 0
14 0
14 0
14 0
14 0
14 0
14 0
14 0
14 0
14 0
14 0
14 0
14 0
14 0
14 1
14 65
14 47
14 0
14 0
14 0
14 0
14 0
14 0
14 0
14 0
14 0
14 2
14 0
14 0
14 1
14 0
14 0
14 1
14 1
14 0
14 2
14 0
14 0
14 0
14 0
14 0
14 0
14 0
14 0
14 0
14 0
14 0
14 1
14 0
14 0
14 0
14 0
14 1
14 0
14 0
14 0
15 1
15 0
15 0
15 0
15 0
15 0
15 0
15 0
15 0
15 0
15 0
15 0
15 1
15 0
15 0
15 2
15 0
15 0
15 0
15 0
15 0
15 0
15 0
15 0
15 0
15 0
15 1
15 0
15 0
15 0
15 0
15 0
15 0
15 0
15 0
15 0
15 0
15 0
15 0
15 0
15 0
15 0
15 0
15 1
15 0
15 1
15 0
15 0
15 0
15 0
15 0
15 0
15 1
15 0
15 0
15 0
15 0
15 0
15 0
15 1
15 0
15 0
15 0
15 0
15 80
15 0
15 10
15 0
15 0
15 0
15 0
15 0
15 1
15 0
15 0
15 0
15 6
15 0
15 0
15 0
15 0
15 0
15 1
15 0
15 0
15 0
15 0
15 0
15 0
15 1
15 0
15 0
15 0
15 1
15 0
15 0
15 0
15 1
15 0
15 0
16 0
16 0
16 0
16 0
16 0
16 0
16 0
16 0
16 0
16 0
16 1
16 0
16 0
16 0
16 0
16 0
16 0
16 0
16 1
16 0
16 0
16 0
16 0
16 1
16 0
16 0
16 0
16 1
16 1
16 0
16 0
16 0
16 0
16 0
16 0
16 0
16 0
16 0
16 0
16 1
16 0
16 0
16 0
16 1
16 1
16 0
16 1
16 0
16 0
16 0
16 0
16 0
16 0
16 0
16 0
16 1
16 0
16 0
16 0
16 0
16 0
16 4
16 4
16 0
16 0
16 1
16 0
16 0
16 23
16 16
16 0
16 0
16 0
16 0
16 0
16 0
16 1
16 2
16 0
16 0
16 0
16 0
16 0
16 0
16 0
16 0
16 0
16 0
16 0
16 0
16 0
16 0
16 0
16 1
16 0
16 0
16 0
16 0
16 0
16 0
17 0
17 0
17 0
17 2
17 0
17 1
17 0
17 0
17 0
17 0
17 0
17 0
17 1
17 0
17 0
17 12
17 0
17 0
17 0
17 1
17 0
17 0
17 0
17 0
17 0
17 0
17 0
17 0
17 0
17 1
17 0
17 0
17 0
17 1
17 0
17 1
17 0
17 1
17 0
17 0
17 0
17 0
17 0
17 0
17 0
17 0
17 1
17 0
17 1
17 0
17 1
17 0
17 1
17 0
17 0
17 0
17 0
17 0
17 0
17 0
17 0
17 0
17 0
17 0
17 3
17 10
17 0
17 14
17 0
17 0
17 0
17 0
17 13
17 0
17 17
17 6
17 0
17 0
17 0
17 0
17 0
17 0
17 0
17 0
17 9
17 0
17 0
17 1
17 1
17 0
17 0
17 0
17 1
17 0
17 0
17 0
17 0
17 0
17 0
17 1
18 1
18 0
18 0
18 0
18 1
18 0
18 0
18 0
18 0
18 0
18 0
18 0
18 0
18 1
18 0
18 1
18 0
18 0
18 0
18 0
18 0
18 0
18 1
18 0
18 0
18 0
18 0
18 0
18 1
18 0
18 1
18 0
18 1
18 0
18 0
18 0
18 0
18 0
18 0
18 0
18 0
18 1
18 0
18 1
18 1
18 0
18 0
18 0
18 0
18 1
18 0
18 0
18 0
18 0
18 2
18 0
18 0
18 1
18 67
18 0
18 0
18 0
18 15
18 0
18 2
18 0
18 0
18 0
18 13
18 8
18 14
18 20
18 0
18 0
18 0
18 0
18 0
18 2
18 0
18 1
18 1
18 0
18 0
18 0
18 1
18 0
18 0
18 1
18 0
18 0
18 0
18 0
18 1
18 0
18 1
18 0
18 0
18 1
18 0
18 0
19 1
19 1
19 0
19 0
19 0
19 0
19 1
19 0
19 0
19 1
19 0
19 0
19 0
19 0
19 11
19 1
19 0
19 0
19 0
19 0
19 0
19 1
19 1
19 1
19 0
19 0
19 0
19 0
19 0
19 0
19 0
19 0
19 0
19 0
19 0
19 0
19 1
19 0
19 0
19 0
19 0
19 0
19 0
19 0
19 0
19 0
19 0
19 0
19 0
19 0
19 0
19 0
19 0
19 0
19 0
19 1
19 0
19 0
19 1
19 11
19 1
19 0
19 0
19 0
19 2
19 0
19 0
19 0
19 17
19 22
19 0
19 25
19 0
19 1
19 0
19 0
19 1
19 0
19 0
19 0
19 0
19 2
19 0
19 0
19 0
19 0
19 0
19 0
19 1
19 0
19 0
19 1
19 0
19 0
19 0
19 0
19 0
19 0
19 0
19 0
20 1
20 0
20 0
20 0
20 0
20 0
20 0
20 0
20 0
20 0
20 0
20 0
20 0
20 0
20 0
20 0
20 0
20 0
20 0
20 0
20 0
20 0
20 0
20 0
20 0
20 0
20 0
20 0
20 0
20 0
20 0
20 0
20 0
20 0
20 0
20 1
20 0
20 0
20 0
20 0
20 0
20 0
20 0
20 0
20 0
20 0
20 0
20 0
20 0
20 0
20 0
20 0
20 0
20 0
20 0
20 0
20 0
20 0
20 0
20 0
20 0
20 0
20 1
20 0
20 0
20 0
20 0
20 9
20 21
20 21
20 0
20 0
20 0
20 0
20 8
20 6
20 0
20 0
20 0
20 0
20 1
20 27
20 3
20 0
20 3
20 0
20 0
20 0
20 0
20 0
20 0
20 0
20 0
20 0
20 0
20 0
20 1
20 0
20 0
20 0
21 0
21 0
21 1
21 0
21 1
21 0
21 0
21 0
21 0
21 1
21 0
21 0
21 0
21 0
21 0
21 0
21 0
21 0
21 1
21 0
21 1
21 0
21 0
21 0
21 0
21 0
21 0
21 0
21 0
21 0
21 0
21 0
21 0
21 0
21 0
21 0
21 0
21 2
21 0
21 0
21 0
21 0
21 0
21 0
21 0
21 1
21 0
21 0
21 0
21 1
21 0
21 0
21 0
21 0
21 0
21 0
21 0
21 0
21 0
21 0
21 0
21 0
21 0
21 0
21 0
21 0
21 0
21 0
21 1
21 0
21 0
21 0
21 17
21 0
21 0
21 0
21 0
21 0
21 0
21 0
21 13
21 0
21 5
21 3
21 0
21 0
21 0
21 0
21 0
21 0
21 0
21 0
21 0
21 0
21 0
21 0
21 0
21 0
21 0
21 0
22 0
22 1
22 0
22 0
22 0
22 0
22 0
22 0
22 0
22 0
22 0
22 0
22 1
22 0
22 0
22 0
22 0
22 0
22 1
22 0
22 0
22 0
22 0
22 0
22 0
22 0
22 0
22 0
22 0
22 0
22 0
22 0
22 0
22 0
22 0
22 0
22 0
22 0
22 0
22 0
22 0
22 0
22 0
22 0
22 2
22 0
22 0
22 0
22 0
22 0
22 0
22 0
22 0
22 0
22 0
22 1
22 0
22 0
22 0
22 0
22 0
22 0
22 0
22 0
22 7
22 0
22 0
22 0
22 0
22 2
22 0
22 23
22 0
22 0
22 0
22 0
22 0
22 0
22 0
22 0
22 3
22 0
22 0
22 3
22 0
22 0
22 0
22 0
22 0
22 0
22 0
22 0
22 1
22 0
22 0
22 0
22 0
22 1
22 0
22 0
23 2
23 0
23 0
23 0
23 0
23 0
23 0
23 0
23 0
23 0
23 0
23 0
23 0
23 0
23 0
23 0
23 0
23 0
23 0
23 0
23 0
23 1
23 1
23 0
23 1
23 0
23 0
23 0
23 1
23 0
23 1
23 0
23 0
23 1
23 0
23 0
23 0
23 0
23 0
23 0
23 0
23 0
23 0
23 0
23 0
23 0
23 0
23 0
23 0
23 0
23 0
23 0
23 0
23 1
23 0
23 68
23 69
23 1
23 0
23 0
23 0
23 0
23 0
23 2
23 15
23 0
23 0
23 1
23 0
23 0
23 2
23 0
23 0
23 1
23 1
23 0
23 0
23 0
23 0
23 1
23 0
23 0
23 0
23 0
23 0
23 0
23 0
23 0
23 0
23 0
23 1
23 0
23 0
23 0
23 0
23 0
23 0
23 0
23 0
23 0
24 1
24 0
24 0
24 0
24 0
24 0
24 0
24 0
24 0
24 1
24 2
24 2
24 0
24 0
24 0
24 4
24 1
24 0
24 1
24 0
24 1
24 0
24 0
24 0
24 0
24 0
24 1
24 1
24 0
24 0
24 0
24 0
24 1
24 0
24 0
24 0
24 0
24 1
24 0
24 0
24 0
24 0
24 0
24 0
24 0
24 0
24 1
24 1
24 0
24 0
24 1
24 0
24 0
24 1
24 1
24 0
24 0
24 0
24 0
24 0
24 0
24 0
24 0
24 1
24 1
24 83
24 2
24 0
24 0
24 0
24 11
24 44
24 2
24 0
24 0
24 0
24 0
24 0
24 0
24 0
24 1
24 0
24 0
24 0
24 0
24 0
24 1
24 0
24 0
24 0
24 0
24 0
24 0
24 0
24 1
24 0
24 0
24 1
24 0
24 0
25 0
25 0
25 0
25 0
25 0
25 1
25 0
25 1
25 1
25 0
25 0
25 1
25 0
25 0
25 0
25 0
25 0
25 0
25 0
25 0
25 3
25 1
25 1
25 0
25 0
25 0
25 0
25 0
25 1
25 0
25 0
25 0
25 0
25 0
25 0
25 0
25 0
25 0
25 0
25 0
25 0
25 1
25 0
25 0
25 0
25 0
25 0
25 0
25 0
25 0
25 0
25 0
25 0
25 0
25 0
25 1
25 0
25 1
25 0
25 1
25 0
25 64
25 1
25 1
25 3
25 0
25 0
25 31
25 1
25 7
25 0
25 0
25 0
25 0
25 0
25 0
25 0
25 0
25 1
25 0
25 0
25 0
25 0
25 0
25 0
25 0
25 2
25 0
25 1
25 1
25 0
25 0
25 0
25 0
25 0
25 1
25 0
25 0
25 0
25 0
26 1
26 0
26 0
26 1
26 0
26 0
26 0
26 0
26 0
26 0
26 0
26 0
26 12
26 0
26 1
26 0
26 0
26 0
26 0
26 0
26 0
26 1
26 1
26 0
26 0
26 1
26 0
26 0
26 0
26 0
26 1
26 0
26 0
26 1
26 0
26 0
26 2
26 1
26 0
26 0
26 0
26 0
26 0
26 0
26 1
26 0
26 0
26 0
26 0
26 0
26 0
26 1
26 1
26 0
26 0
26 0
26 0
26 0
26 69
26 0
26 0
26 1
26 10
26 34
26 0
26 0
26 0
26 0
26 1
26 0
26 1
26 0
26 0
26 0
26 0
26 0
26 1
26 0
26 0
26 0
26 0
26 0
26 0
26 0
26 0
26 0
26 0
26 0
26 1
26 0
26 1
26 0
26 0
26 0
26 0
26 0
26 0
26 0
26 0
26 0
27 0
27 0
27 0
27 0
27 0
27 1
27 1
27 0
27 0
27 0
27 0
27 0
27 0
27 0
27 1
27 0
27 0
27 0
27 0
27 0
27 0
27 0
27 0
27 0
27 0
27 0
27 0
27 0
27 0
27 0
27 0
27 0
27 0
27 0
27 0
27 0
27 0
27 1
27 0
27 0
27 0
27 0
27 0
27 1
27 0
27 0
27 0
27 0
27 0
27 0
27 0
27 0
27 0
27 1
27 0
27 0
27 0
27 1
27 0
27 0
27 0
27 0
27 0
27 0
27 0
27 0
27 0
27 1
27 0
27 0
27 0
27 1
27 0
27 0
27 1
27 1
27 0
27 0
27 0
27 55
27 50
27 0
27 0
27 1
27 0
27 1
27 0
27 0
27 0
27 0
27 0
27 0
27 1
27 0
27 0
27 0
27 0
27 0
27 1
27 0
28 1
28 0
28 1
28 0
28 0
28 0
28 1
28 0
28 0
28 0
28 0
28 1
28 0
28 0
28 0
28 0
28 0
28 0
28 0
28 0
28 0
28 0
28 1
28 1
28 0
28 1
28 0
28 0
28 0
28 1
28 0
28 0
28 0
28 0
28 0
28 0
28 0
28 1
28 1
28 0
28 0
28 0
28 0
28 0
28 0
28 0
28 0
28 0
28 0
28 0
28 1
28 0
28 0
28 0
28 0
28 0
28 0
28 0
28 1
28 0
28 20
28 0
28 0
28 0
28 0
28 0
28 0
28 0
28 0
28 0
28 0
28 0
28 12
28 29
28 43
28 0
28 0
28 0
28 1
28 0
28 0
28 1
28 0
28 1
28 0
28 0
28 0
28 1
28 0
28 0
28 0
28 0
28 0
28 0
28 1
28 1
28 0
28 0
28 0
28 0
29 0
29 0
29 0
29 0
29 0
29 0
29 0
29 1
29 0
29 0
29 0
29 0
29 1
29 0
29 0
29 0
29 2
29 0
29 0
29 0
29 0
29 0
29 0
29 0
29 0
29 2
29 1
29 0
29 1
29 0
29 0
29 1
29 0
29 0
29 1
29 0
29 0
29 1
29 1
29 0
29 0
29 0
29 0
29 0
29 0
29 0
29 1
29 0
29 0
29 0
29 0
29 0
29 0
29 0
29 1
29 0
29 0
29 1
29 0
29 0
29 0
29 0
29 1
29 1
29 0
29 0
29 0
29 0
29 2
29 27
29 0
29 7
29 0
29 0
29 0
29 0
29 8
29 7
29 0
29 0
29 0
29 0
29 0
29 0
29 0
29 0
29 0
29 0
29 0
29 1
29 0
29 0
29 0
29 0
29 0
29 0
29 0
29 0
29 0
29 0
30 0
30 1
30 0
30 0
30 0
30 0
30 0
30 1
30 0
30 1
30 0
30 0
30 0
30 0
30 4
30 0
30 0
30 0
30 0
30 0
30 1
30 0
30 0
30 1
30 0
30 0
30 0
30 0
30 0
30 1
30 0
30 1
30 0
30 0
30 0
30 0
30 0
30 0
30 0
30 0
30 0
30 0
30 0
30 0
30 0
30 0
30 0
30 1
30 0
30 0
30 0
30 0
30 0
30 0
30 0
30 1
30 0
30 0
30 0
30 0
30 1
30 0
30 0
30 9
30 0
30 1
30 10
30 0
30 3
30 7
30 0
30 0
30 0
30 0
30 0
30 5
30 2
30 0
30 0
30 0
30 1
30 0
30 1
30 0
30 0
30 0
30 0
30 0
30 0
30 0
30 1
30 0
30 2
30 0
30 0
30 0
30 0
30 0
30 0
30 0
31 0
31 0
31 0
31 1
31 0
31 0
31 0
31 0
31 1
31 1
31 1
31 0
31 1
31 0
31 0
31 0
31 0
31 1
31 0
31 2
31 0
31 1
31 0
31 0
31 0
31 0
31 0
31 0
31 0
31 0
31 0
31 0
31 0
31 1
31 0
31 1
31 0
31 0
31 0
31 0
31 0
31 0
31 0
31 1
31 0
31 0
31 0
31 0
31 0
31 1
31 1
31 0
31 0
31 1
31 0
31 1
31 0
31 0
31 0
31 0
31 4
31 6
31 42
31 0
31 0
31 0
31 0
31 0
31 0
31 0
31 0
31 1
31 0
31 1
31 0
31 0
31 0
31 1
31 0
31 0
31 0
31 1
31 0
31 0
31 0
31 0
31 0
31 0
31 0
31 0
31 0
31 0
31 0
31 0
31 0
31 0
31 0
31 0
31 0
31 0
32 0
32 1
32 0
32 0
32 0
32 0
32 0
32 0
32 0
32 0
32 0
32 0
32 0
32 0
32 0
32 0
32 1
32 4
32 0
32 0
32 0
32 0
32 0
32 1
32 1
32 0
32 0
32 0
32 0
32 2
32 0
32 0
32 0
32 0
32 0
32 2
32 0
32 0
32 0
32 0
32 0
32 0
32 0
32 0
32 0
32 0
32 0
32 0
32 0
32 0
32 1
32 0
32 0
32 0
32 0
32 0
32 0
32 0
32 0
32 0
32 0
32 0
32 0
32 0
32 0
32 0
32 0
32 0
32 0
32 0
32 0
32 0
32 7
32 0
32 51
32 0
32 0
32 1
32 5
32 30
32 0
32 0
32 0
32 0
32 1
32 0
32 0
32 0
32 0
32 0
32 0
32 0
32 0
32 0
32 0
32 0
32 1
32 0
32 1
32 0
33 0
33 0
33 0
33 0
33 1
33 0
33 0
33 0
33 1
33 0
33 0
33 0
33 0
33 0
33 10
33 0
33 1
33 0
33 0
33 0
33 0
33 0
33 0
33 0
33 0
33 0
33 0
33 0
33 0
33 1
33 0
33 0
33 0
33 0
33 0
33 1
33 0
33 0
33 0
33 1
33 1
33 0
33 1
33 1
33 0
33 0
33 0
33 0
33 1
33 0
33 0
33 1
33 0
33 1
33 1
33 2
33 0
33 0
33 0
33 0
33 0
33 21
33 52
33 0
33 0
33 1
33 11
33 10
33 0
33 0
33 0
33 0
33 0
33 0
33 0
33 0
33 0
33 1
33 1
33 0
33 0
33 0
33 0
33 0
33 0
33 0
33 0
33 0
33 0
33 0
33 0
33 0
33 0
33 0
33 0
33 0
33 0
33 0
33 0
33 0
34 1
34 0
34 0
34 0
34 1
34 0
34 0
34 1
34 0
34 0
34 0
34 0
34 0
34 0
34 0
34 0
34 1
34 0
34 0
34 0
34 0
34 0
34 0
34 0
34 0
34 0
34 0
34 0
34 0
34 0
34 0
34 0
34 0
34 0
34 0
34 0
34 0
34 1
34 0
34 1
34 1
34 0
34 0
34 0
34 0
34 0
34 0
34 0
34 0
34 0
34 0
34 0
34 0
34 0
34 0
34 0
34 0
34 0
34 0
34 0
34 0
34 0
34 0
34 1
34 0
34 1
34 0
34 0
34 0
34 0
34 0
34 0
34 44
34 0
34 0
34 0
34 60
34 0
34 6
34 26
34 0
34 0
34 0
34 1
34 0
34 1
34 0
34 0
34 0
34 0
34 0
34 0
34 0
34 0
34 1
34 0
34 1
34 0
34 1
34 0
35 1
35 0
35 0
35 1
35 0
35 0
35 0
35 0
35 0
35 0
35 1
35 0
35 0
35 1
35 2
35 0
35 0
35 0
35 0
35 0
35 0
35 0
35 0
35 0
35 0
35 1
35 0
35 0
35 0
35 0
35 0
35 0
35 0
35 0
35 0
35 0
35 0
35 0
35 0
35 0
35 1
35 1
35 0
35 0
35 0
35 0
35 1
35 1
35 1
35 0
35 1
35 0
35 0
35 0
35 0
35 1
35 0
35 1
35 0
35 0
35 0
35 0
35 0
35 1
35 0
35 0
35 0
35 0
35 0
35 0
35 73
35 0
35 13
35 2
35 22
35 2
35 0
35 1
35 0
35 0
35 0
35 1
35 0
35 1
35 1
35 0
35 0
35 0
35 0
35 0
35 0
35 0
35 0
35 2
35 0
35 0
35 0
35 0
35 0
35 0
36 0
36 1
36 0
36 0
36 0
36 0
36 1
36 2
36 0
36 0
36 0
36 0
36 0
36 1
36 1
36 0
36 1
36 0
36 0
36 0
36 0
36 0
36 1
36 0
36 0
36 0
36 0
36 0
36 0
36 0
36 0
36 1
36 2
36 0
36 0
36 0
36 0
36 0
36 0
36 0
36 1
36 0
36 0
36 0
36 1
36 0
36 0
36 1
36 1
36 0
36 1
36 1
36 1
36 0
36 0
36 0
36 0
36 0
36 1
36 0
36 0
36 38
36 0
36 8
36 0
36 0
36 24
36 0
36 0
36 7
36 0
36 5
36 2
36 1
36 0
36 0
36 0
36 0
36 0
36 1
36 0
36 0
36 0
36 0
36 0
36 1
36 0
36 0
36 0
36 0
36 0
36 0
36 0
36 0
36 0
36 0
36 0
36 0
36 0
36 0
37 0
37 0
37 0
37 0
37 0
37 0
37 0
37 0
37 0
37 0
37 0
37 0
37 1
37 0
37 0
37 0
37 0
37 2
37 0
37 0
37 0
37 0
37 0
37 1
37 0
37 0
37 0
37 0
37 0
37 0
37 0
37 0
37 0
37 0
37 2
37 0
37 0
37 0
37 0
37 0
37 0
37 0
37 0
37 0
37 0
37 0
37 0
37 0
37 0
37 0
37 0
37 1
37 0
37 0
37 0
37 1
37 0
37 0
37 0
37 0
37 0
37 1
37 0
37 0
37 0
37 0
37 0
37 5
37 0
37 0
37 0
37 0
37 0
37 1
37 0
37 0
37 0
37 9
37 24
37 0
37 1
37 0
37 42
37 0
37 1
37 0
37 1
37 0
37 0
37 1
37 1
37 1
37 0
37 1
37 1
37 1
37 0
37 0
37 0
37 1
38 0
38 0
38 1
38 0
38 0
38 0
38 1
38 0
38 0
38 0
38 1
38 0
38 0
38 8
38 1
38 0
38 0
38 0
38 0
38 1
38 0
38 0
38 0
38 0
38 0
38 0
38 1
38 0
38 0
38 0
38 0
38 0
38 1
38 0
38 0
38 0
38 0
38 1
38 0
38 0
38 0
38 0
38 0
38 0
38 0
38 0
38 0
38 0
38 0
38 0
38 0
38 0
38 1
38 0
38 0
38 1
38 0
38 0
38 23
38 0
38 1
38 0
38 0
38 0
38 0
38 0
38 0
38 0
38 0
38 0
38 0
38 1
38 0
38 24
38 0
38 0
38 0
38 4
38 0
38 0
38 0
38 0
38 0
38 1
38 0
38 0
38 1
38 0
38 0
38 0
38 0
38 1
38 0
38 0
38 0
38 0
38 1
38 0
38 0
38 1
39 0
39 0
39 0
39 1
39 1
39 1
39 1
39 0
39 0
39 0
39 0
39 0
39 0
39 0
39 0
39 0
39 0
39 0
39 0
39 0
39 0
39 0
39 0
39 2
39 0
39 1
39 0
39 0
39 0
39 0
39 0
39 1
39 0
39 0
39 0
39 0
39 0
39 0
39 0
39 0
39 0
39 0
39 0
39 0
39 1
39 0
39 0
39 0
39 0
39 0
39 0
39 0
39 0
39 1
39 0
39 0
39 0
39 0
39 1
39 0
39 1
39 0
39 0
39 4
39 0
39 0
39 1
39 0
39 0
39 7
39 0
39 0
39 0
39 46
39 0
39 0
39 0
39 0
39 0
39 1
39 0
39 2
39 0
39 0
39 0
39 1
39 0
39 0
39 1
39 0
39 0
39 0
39 0
39 0
39 0
39 0
39 0
39 1
39 0
39 0
40 0
40 0
40 0
40 1
40 1
40 1
40 1
40 0
40 0
40 0
40 0
40 0
40 1
40 0
40 0
40 0
40 1
40 0
40 0
40 1
40 0
40 0
40 1
40 0
40 0
40 0
40 0
40 0
40 1
40 0
40 0
40 0
40 0
40 0
40 0
40 0
40 0
40 0
40 0
40 0
40 0
40 0
40 0
40 0
40 0
40 0
40 0
40 0
40 0
40 0
40 0
40 0
40 0
40 0
40 0
40 0
40 0
40 1
40 1
40 0
40 1
40 1
40 0
40 38
40 1
40 0
40 0
40 20
40 41
40 0
40 0
40 0
40 1
40 0
40 0
40 1
40 0
40 0
40 0
40 0
40 0
40 0
40 0
40 0
40 0
40 0
40 0
40 0
40 0
40 0
40 1
40 0
40 0
40 0
40 0
40 0
40 0
40 0
40 0
40 0
41 0
41 0
41 1
41 0
41 0
41 0
41 0
41 0
41 0
41 0
41 1
41 0
41 0
41 0
41 0
41 0
41 0
41 0
41 0
41 1
41 0
41 0
41 0
41 0
41 1
41 0
41 0
41 0
41 1
41 0
41 0
41 0
41 0
41 0
41 0
41 1
41 0
41 0
41 0
41 0
41 1
41 0
41 0
41 0
41 0
41 0
41 0
41 0
41 1
41 0
41 0
41 0
41 0
41 0
41 0
41 0
41 0
41 1
41 0
41 0
41 0
41 0
41 0
41 0
41 61
41 0
41 26
41 0
41 1
41 0
41 0
41 16
41 0
41 0
41 0
41 38
41 0
41 0
41 0
41 0
41 1
41 1
41 0
41 0
41 0
41 0
41 1
41 1
41 0
41 0
41 0
41 0
41 0
41 0
41 0
41 0
41 0
41 0
41 0
41 0
42 0
42 0
42 0
42 1
42 0
42 0
42 0
42 0
42 1
42 0
42 0
42 0
42 8
42 0
42 0
42 0
42 0
42 0
42 0
42 0
42 0
42 1
42 0
42 0
42 0
42 0
42 0
42 1
42 0
42 0
42 0
42 0
42 0
42 0
42 0
42 0
42 0
42 0
42 0
42 2
42 1
42 0
42 0
42 0
42 0
42 0
42 0
42 0
42 0
42 0
42 0
42 1
42 1
42 0
42 0
42 3
42 9
42 0
42 0
42 0
42 0
42 0
42 2
42 0
42 6
42 0
42 0
42 0
42 0
42 0
42 0
42 0
42 0
42 5
42 4
42 0
42 0
42 0
42 0
42 0
42 1
42 0
42 0
42 1
42 0
42 0
42 0
42 0
42 1
42 0
42 0
42 0
42 0
42 1
42 0
42 0
42 0
42 0
42 0
42 0
43 0
43 0
43 0
43 0
43 0
43 0
43 0
43 0
43 0
43 0
43 0
43 0
43 0
43 0
43 0
43 0
43 0
43 0
43 0
43 0
43 0
43 0
43 0
43 0
43 0
43 1
43 0
43 0
43 1
43 0
43 0
43 0
43 0
43 2
43 0
43 0
43 0
43 0
43 1
43 0
43 0
43 1
43 0
43 0
43 0
43 0
43 0
43 0
43 0
43 0
43 1
43 0
43 0
43 2
43 0
43 0
43 1
43 0
43 1
43 0
43 0
43 1
43 68
43 0
43 0
43 11
43 0
43 1
43 0
43 0
43 1
43 0
43 1
43 0
43 0
43 1
43 1
43 0
43 0
43 0
43 10
43 6
43 0
43 0
43 0
43 0
43 0
43 0
43 0
43 0
43 0
43 1
43 0
43 1
43 0
43 0
43 1
43 0
43 1
43 0
44 0
44 0
44 0
44 0
44 0
44 0
44 0
44 0
44 0
44 0
44 0
44 0
44 0
44 0
44 0
44 0
44 0
44 0
44 0
44 0
44 1
44 0
44 0
44 0
44 0
44 0
44 0
44 1
44 0
44 0
44 0
44 1
44 0
44 0
44 1
44 0
44 0
44 0
44 1
44 1
44 0
44 0
44 0
44 0
44 0
44 2
44 2
44 0
44 0
44 0
44 0
44 0
44 0
44 1
44 0
44 0
44 0
44 0
44 0
44 0
44 1
44 0
44 0
44 0
44 0
44 0
44 0
44 0
44 0
44 0
44 0
44 0
44 0
44 0
44 0
44 0
44 0
44 1
44 0
44 0
44 0
44 0
44 0
44 4
44 0
44 0
44 2
44 0
44 0
44 0
44 0
44 0
44 0
44 0
44 0
44 1
44 0
44 0
44 0
44 0
45 0
45 0
45 1
45 0
45 0
45 0
45 0
45 1
45 0
45 0
45 1
45 0
45 0
45 1
45 0
45 0
45 0
45 1
45 0
45 1
45 0
45 0
45 0
45 0
45 0
45 0
45 0
45 0
45 0
45 0
45 0
45 0
45 0
45 1
45 0
45 0
45 1
45 0
45 0
45 0
45 0
45 0
45 0
45 1
45 0
45 0
45 0
45 0
45 0
45 0
45 1
45 0
45 1
45 1
45 0
45 1
45 0
45 0
45 0
45 0
45 3
45 0
45 61
45 2
45 4
45 19
45 0
45 0
45 0
45 0
45 16
45 12
45 22
45 22
45 0
45 0
45 0
45 1
45 0
45 0
45 0
45 1
45 0
45 2
45 0
45 0
45 0
45 0
45 0
45 0
45 0
45 0
45 0
45 0
45 0
45 0
45 0
45 0
45 0
45 0
46 1
46 0
46 0
46 0
46 0
46 0
46 1
46 0
46 0
46 1
46 0
46 1
46 0
46 0
46 0
46 1
46 0
46 0
46 1
46 0
46 0
46 0
46 1
46 0
46 0
46 0
46 0
46 0
46 0
46 0
46 0
46 1
46 0
46 1
46 0
46 0
46 0
46 0
46 0
46 0
46 0
46 1
46 0
46 0
46 0
46 2
46 1
46 0
46 0
46 0
46 0
46 0
46 0
46 0
46 0
46 0
46 1
46 0
46 0
46 1
46 0
46 0
46 0
46 0
46 24
46 1
46 0
46 8
46 0
46 0
46 23
46 0
46 1
46 0
46 2
46 0
46 0
46 1
46 0
46 1
46 0
46 0
46 0
46 0
46 0
46 1
46 0
46 0
46 0
46 0
46 0
46 0
46 0
46 0
46 0
46 0
46 1
46 1
46 0
46 1
47 0
47 0
47 0
47 0
47 0
47 1
47 0
47 0
47 0
47 0
47 1
47 1
47 0
47 0
47 0
47 0
47 0
47 0
47 1
47 1
47 1
47 1
47 0
47 0
47 0
47 0
47 0
47 0
47 0
47 0
47 0
47 0
47 0
47 1
47 0
47 0
47 0
47 0
47 0
47 0
47 0
47 0
47 1
47 0
47 1
47 0
47 0
47 0
47 0
47 0
47 1
47 1
47 0
47 0
47 0
47 0
47 0
47 0
47 1
47 1
47 0
47 7
47 0
47 0
47 0
47 13
47 30
47 0
47 43
47 0
47 0
47 1
47 0
47 0
47 2
47 0
47 0
47 0
47 0
47 0
47 1
47 0
47 0
47 1
47 0
47 0
47 0
47 0
47 0
47 0
47 0
47 0
47 0
47 0
47 0
47 0
47 0
47 0
47 0
47 0
48 0
48 0
48 1
48 0
48 0
48 0
48 1
48 1
48 0
48 0
48 0
48 1
48 0
48 8
48 0
48 1
48 0
48 0
48 0
48 1
48 0
48 1
48 0
48 1
48 0
48 1
48 0
48 1
48 0
48 0
48 0
48 0
48 0
48 0
48 2
48 0
48 1
48 0
48 0
48 0
48 1
48 1
48 0
48 0
48 1
48 0
48 0
48 0
48 0
48 1
48 0
48 0
48 1
48 0
48 1
48 1
48 0
48 0
48 0
48 0
48 0
48 0
48 1
48 46
48 159
48 4
48 0
48 2
48 0
48 0
48 0
48 1
48 0
48 2
48 0
48 0
48 0
48 0
48 0
48 0
48 0
48 0
48 0
48 0
48 0
48 0
48 0
48 0
48 0
48 0
48 1
48 0
48 0
48 1
48 0
48 0
48 0
48 0
48 0
48 0
49 0
49 1
49 0
49 1
49 1
49 1
49 1
49 0
49 1
49 0
49 0
49 0
49 0
49 0
49 0
49 0
49 0
49 0
49 0
49 0
49 0
49 0
49 0
49 0
49 0
49 0
49 0
49 0
49 0
49 0
49 0
49 1
49 1
49 0
49 0
49 0
49 0
49 0
49 0
49 0
49 0
49 0
49 0
49 0
49 0
49 0
49 1
49 0
49 0
49 0
49 1
49 0
49 0
49 0
49 1
49 0
49 0
49 0
49 17
49 0
49 2
49 1
49 0
49 1
49 0
49 0
49 1
49 0
49 0
49 1
49 0
49 1
49 0
49 0
49 0
49 0
49 0
49 1
49 0
49 1
49 0
49 0
49 1
49 0
49 0
49 0
49 0
49 0
49 1
49 0
49 1
49 0
49 0
49 0
49 0
49 0
49 0
49 0
49 0
49 0
50 0
50 0
50 0
50 0
50 0
50 0
50 0
50 0
50 0
50 0
50 0
50 0
50 1
50 0
50 9
50 0
50 0
50 0
50 0
50 0
50 1
50 0
50 1
50 0
50 1
50 1
50 0
50 1
50 0
50 0
50 0
50 0
50 0
50 0
50 0
50 0
50 1
50 1
50 0
50 0
50 0
50 0
50 0
50 0
50 0
50 1
50 0
50 0
50 0
50 0
50 0
50 0
50 0
50 2
50 0
50 0
50 0
50 0
50 80
50 119
50 27
50 0
50 3
50 0
50 1
50 0
50 0
50 0
50 1
50 0
50 0
50 0
50 0
50 0
50 0
50 1
50 0
50 0
50 0
50 0
50 0
50 0
50 0
50 0
50 0
50 0
50 1
50 0
50 1
50 0
50 0
50 0
50 0
50 0
50 1
50 0
50 1
50 0
50 0
50 0
51 0
51 1
51 0
51 0
51 0
51 0
51 1
51 2
51 0
51 0
51 0
51 0
51 1
51 0
51 0
51 0
51 0
51 0
51 0
51 0
51 2
51 1
51 1
51 0
51 0
51 0
51 0
51 0
51 0
51 0
51 1
51 0
51 0
51 0
51 0
51 0
51 1
51 0
51 1
51 0
51 0
51 0
51 0
51 0
51 1
51 0
51 0
51 0
51 0
51 0
51 0
51 0
51 0
51 0
51 0
51 0
51 0
51 0
51 0
51 0
51 2
51 1
51 0
51 0
51 0
51 0
51 0
51 0
51 0
51 0
51 4
51 0
51 8
51 2
51 0
51 0
51 0
51 0
51 0
51 0
51 1
51 1
51 5
51 0
51 0
51 0
51 1
51 34
51 0
51 1
51 0
51 1
51 0
51 0
51 0
51 1
51 0
51 0
51 0
51 0
52 0
52 1
52 0
52 0
52 0
52 1
52 0
52 0
52 0
52 0
52 1
52 0
52 0
52 12
52 0
52 2
52 0
52 0
52 0
52 0
52 0
52 0
52 0
52 1
52 0
52 0
52 0
52 0
52 1
52 0
52 1
52 0
52 0
52 2
52 0
52 1
52 0
52 1
52 0
52 0
52 0
52 0
52 0
52 0
52 0
52 0
52 0
52 0
52 0
52 0
52 0
52 0
52 0
52 1
52 1
52 0
52 0
52 0
52 5
52 0
52 0
52 0
52 0
52 1
52 0
52 0
52 0
52 0
52 0
52 0
52 0
52 11
52 24
52 0
52 0
52 0
52 3
52 0
52 0
52 0
52 0
52 0
52 0
52 0
52 0
52 0
52 0
52 1
52 0
52 1
52 0
52 0
52 0
52 1
52 0
52 0
52 0
52 0
52 0
52 0
53 0
53 1
53 1
53 0
53 0
53 0
53 0
53 0
53 0
53 1
53 0
53 0
53 3
53 0
53 0
53 1
53 0
53 0
53 0
53 0
53 0
53 0
53 0
53 1
53 2
53 1
53 0
53 1
53 0
53 0
53 0
53 0
53 0
53 0
53 0
53 0
53 1
53 0
53 0
53 0
53 0
53 0
53 1
53 0
53 0
53 0
53 0
53 0
53 2
53 2
53 0
53 1
53 0
53 0
53 0
53 0
53 0
53 0
53 0
53 0
53 1
53 0
53 0
53 0
53 0
53 0
53 0
53 0
53 0
53 0
53 1
53 2
53 0
53 0
53 9
53 0
53 0
53 24
53 22
53 0
53 3
53 0
53 0
53 0
53 0
53 0
53 0
53 0
53 0
53 0
53 0
53 0
53 0
53 0
53 0
53 0
53 0
53 0
53 0
53 0
54 0
54 0
54 0
54 0
54 0
54 1
54 0
54 0
54 1
54 0
54 1
54 0
54 0
54 0
54 1
54 0
54 0
54 0
54 0
54 1
54 0
54 1
54 0
54 0
54 1
54 0
54 0
54 0
54 0
54 0
54 0
54 0
54 0
54 0
54 0
54 0
54 1
54 0
54 0
54 0
54 1
54 0
54 0
54 0
54 0
54 1
54 0
54 0
54 0
54 0
54 0
54 0
54 1
54 0
54 0
54 0
54 0
54 0
54 0
54 0
54 0
54 0
54 0
54 45
54 15
54 0
54 0
54 0
54 9
54 48
54 0
54 1
54 0
54 0
54 1
54 0
54 0
54 0
54 0
54 0
54 0
54 0
54 0
54 0
54 1
54 0
54 0
54 0
54 0
54 0
54 0
54 0
54 0
54 0
54 0
54 0
54 0
54 0
54 0
54 0
55 1
55 0
55 0
55 0
55 0
55 0
55 0
55 1
55 1
55 0
55 0
55 0
55 0
55 0
55 3
55 0
55 0
55 0
55 0
55 0
55 0
55 0
55 1
55 0
55 0
55 0
55 0
55 0
55 1
55 0
55 0
55 1
55 1
55 1
55 0
55 0
55 0
55 0
55 0
55 0
55 0
55 1
55 0
55 0
55 0
55 0
55 1
55 0
55 0
55 0
55 2
55 1
55 0
55 0
55 0
55 0
55 0
55 1
55 0
55 0
55 0
55 12
55 0
55 0
55 0
55 0
55 0
55 0
55 0
55 0
55 0
55 0
55 0
55 0
55 5
55 8
55 0
55 0
55 0
55 0
55 0
55 4
55 0
55 0
55 1
55 0
55 0
55 0
55 0
55 1
55 0
55 0
55 0
55 1
55 1
55 0
55 0
55 0
55 0
55 1
56 0
56 1
56 0
56 0
56 1
56 0
56 0
56 0
56 0
56 1
56 0
56 0
56 0
56 0
56 1
56 0
56 0
56 0
56 1
56 0
56 0
56 0
56 0
56 0
56 0
56 0
56 0
56 0
56 0
56 0
56 0
56 0
56 0
56 0
56 0
56 0
56 0
56 0
56 0
56 2
56 0
56 1
56 0
56 0
56 0
56 0
56 1
56 0
56 0
56 1
56 0
56 0
56 0
56 0
56 0
56 0
56 0
56 1
56 0
56 0
56 0
56 0
56 74
56 0
56 4
56 0
56 0
56 0
56 0
56 0
56 0
56 0
56 0
56 0
56 0
56 0
56 0
56 0
56 0
56 0
56 0
56 0
56 1
56 0
56 0
56 0
56 0
56 1
56 0
56 0
56 0
56 0
56 1
56 0
56 0
56 0
56 0
56 0
56 0
56 0
57 1
57 0
57 0
57 0
57 0
57 0
57 0
57 0
57 0
57 1
57 1
57 0
57 1
57 0
57 0
57 0
57 0
57 1
57 0
57 0
57 2
57 0
57 0
57 0
57 0
57 0
57 0
57 0
57 1
57 0
57 0
57 0
57 0
57 0
57 0
57 0
57 1
57 0
57 0
57 0
57 0
57 0
57 0
57 1
57 0
57 0
57 0
57 0
57 0
57 0
57 0
57 0
57 0
57 0
57 0
57 0
57 0
57 0
57 81
57 0
57 0
57 53
57 0
57 0
57 0
57 1
57 0
57 0
57 0
57 0
57 0
57 0
57 0
57 0
57 0
57 0
57 1
57 0
57 0
57 0
57 1
57 0
57 0
57 0
57 0
57 0
57 1
57 0
57 0
57 0
57 0
57 1
57 0
57 0
57 0
57 0
57 0
57 0
57 1
57 0
58 0
58 0
58 0
58 2
58 0
58 0
58 0
58 2
58 1
58 0
58 1
58 0
58 0
58 0
58 0
58 0
58 0
58 0
58 0
58 0
58 0
58 1
58 1
58 0
58 1
58 0
58 0
58 0
58 0
58 0
58 0
58 0
58 0
58 2
58 1
58 1
58 1
58 0
58 0
58 0
58 0
58 0
58 0
58 0
58 0
58 0
58 1
58 0
58 0
58 1
58 0
58 2
58 1
58 0
58 0
58 0
58 0
58 0
58 0
58 51
58 0
58 0
58 0
58 0
58 0
58 26
58 0
58 0
58 0
58 1
58 0
58 0
58 0
58 0
58 0
58 0
58 1
58 0
58 0
58 0
58 1
58 0
58 0
58 1
58 0
58 0
58 1
58 0
58 0
58 0
58 0
58 0
58 0
58 0
58 2
58 0
58 0
58 0
58 0
58 0
59 0
59 0
59 0
59 0
59 0
59 0
59 1
59 0
59 0
59 0
59 0
59 0
59 0
59 0
59 0
59 0
59 0
59 0
59 0
59 0
59 0
59 0
59 0
59 0
59 0
59 0
59 0
59 0
59 0
59 0
59 0
59 0
59 0
59 0
59 2
59 0
59 0
59 0
59 0
59 0
59 0
59 0
59 0
59 0
59 0
59 0
59 0
59 0
59 0
59 0
59 0
59 0
59 0
59 0
59 1
59 0
59 0
59 0
59 0
59 0
59 83
59 0
59 72
59 0
59 0
59 0
59 0
59 0
59 0
59 0
59 0
59 1
59 0
59 1
59 2
59 0
59 0
59 0
59 0
59 0
59 0
59 0
59 0
59 0
59 0
59 0
59 0
59 1
59 0
59 0
59 0
59 0
59 0
59 0
59 0
59 0
59 0
59 0
59 0
59 0
60 0
60 0
60 0
60 0
60 0
60 0
60 0
60 0
60 2
60 0
60 0
60 0
60 0
60 0
60 14
60 1
60 0
60 0
60 0
60 0
60 0
60 0
60 2
60 0
60 0
60 0
60 0
60 1
60 0
60 0
60 0
60 0
60 0
60 0
60 0
60 1
60 2
60 0
60 0
60 0
60 1
60 0
60 1
60 0
60 0
60 0
60 1
60 0
60 0
60 0
60 0
60 0
60 0
60 0
60 0
60 1
60 0
60 0
60 0
60 0
60 0
60 1
60 0
60 0
60 0
60 1
60 0
60 0
60 0
60 28
60 40
60 0
60 0
60 0
60 0
60 0
60 28
60 0
60 0
60 0
60 0
60 0
60 0
60 0
60 0
60 0
60 0
60 0
60 0
60 1
60 0
60 0
60 0
60 0
60 0
60 0
60 0
60 0
60 0
60 0
61 0
61 0
61 0
61 0
61 0
61 0
61 1
61 1
61 1
61 0
61 0
61 0
61 0
61 0
61 0
61 0
61 0
61 0
61 0
61 0
61 1
61 1
61 1
61 0
61 0
61 0
61 0
61 0
61 1
61 1
61 0
61 0
61 0
61 2
61 0
61 1
61 0
61 0
61 0
61 0
61 2
61 0
61 1
61 0
61 0
61 0
61 1
61 1
61 1
61 0
61 0
61 0
61 1
61 0
61 1
61 0
61 0
61 0
61 0
61 0
61 0
61 0
61 1
61 1
61 0
61 1
61 0
61 10
61 4
61 35
61 0
61 40
61 0
61 0
61 0
61 0
61 0
61 0
61 0
61 1
61 1
61 0
61 0
61 1
61 0
61 0
61 0
61 1
61 0
61 1
61 0
61 0
61 0
61 0
61 0
61 0
61 0
61 0
61 0
61 0
62 0
62 0
62 0
62 0
62 0
62 1
62 0
62 0
62 0
62 1
62 0
62 1
62 1
62 2
62 0
62 0
62 0
62 0
62 0
62 1
62 0
62 0
62 0
62 1
62 0
62 0
62 1
62 0
62 1
62 0
62 0
62 0
62 0
62 1
62 1
62 0
62 0
62 0
62 0
62 0
62 0
62 0
62 0
62 0
62 1
62 0
62 0
62 0
62 0
62 0
62 0
62 0
62 0
62 0
62 0
62 0
62 1
62 0
62 0
62 0
62 0
62 16
62 13
62 0
62 0
62 0
62 10
62 24
62 0
62 0
62 0
62 0
62 0
62 0
62 0
62 0
62 1
62 0
62 0
62 0
62 0
62 1
62 0
62 0
62 1
62 1
62 0
62 0
62 0
62 0
62 0
62 0
62 0
62 0
62 0
62 0
62 1
62 0
62 0
62 0
63 0
63 0
63 0
63 0
63 0
63 0
63 0
63 1
63 0
63 0
63 0
63 0
63 0
63 0
63 0
63 0
63 1
63 0
63 0
63 0
63 1
63 0
63 0
63 0
63 1
63 0
63 0
63 0
63 0
63 0
63 0
63 0
63 0
63 0
63 1
63 0
63 1
63 1
63 1
63 1
63 0
63 0
63 0
63 0
63 0
63 0
63 0
63 0
63 0
63 1
63 0
63 0
63 0
63 0
63 0
63 0
63 1
63 0
63 0
63 0
63 0
63 0
63 5
63 0
63 0
63 0
63 33
63 0
63 0
63 28
63 16
63 0
63 0
63 0
63 0
63 0
63 0
63 0
63 0
63 0
63 0
63 1
63 1
63 1
63 0
63 0
63 0
63 0
63 1
63 0
63 0
63 1
63 1
63 0
63 0
63 0
63 0
63 0
63 0
63 0
64 0
64 0
64 1
64 0
64 0
64 0
64 0
64 0
64 5
64 0
64 0
64 1
64 0
64 0
64 0
64 0
64 0
64 0
64 0
64 0
64 0
64 1
64 0
64 0
64 0
64 0
64 0
64 0
64 1
64 1
64 0
64 0
64 0
64 0
64 0
64 0
64 1
64 0
64 0
64 1
64 1
64 0
64 0
64 0
64 0
64 0
64 0
64 0
64 1
64 0
64 0
64 0
64 0
64 0
64 0
64 0
64 0
64 0
64 0
64 0
64 0
64 0
64 10
64 0
64 0
64 0
64 0
64 0
64 0
64 0
64 35
64 18
64 0
64 0
64 2
64 0
64 0
64 1
64 1
64 0
64 0
64 0
64 0
64 0
64 0
64 0
64 0
64 0
64 0
64 0
64 0
64 0
64 0
64 0
64 0
64 0
64 0
64 0
64 1
64 1
65 0
65 0
65 0
65 0
65 1
65 2
65 0
65 0
65 0
65 0
65 0
65 0
65 0
65 1
65 1
65 0
65 0
65 0
65 0
65 0
65 0
65 0
65 1
65 0
65 0
65 1
65 0
65 0
65 0
65 0
65 0
65 0
65 0
65 1
65 1
65 0
65 1
65 0
65 1
65 0
65 0
65 0
65 0
65 0
65 0
65 0
65 0
65 0
65 0
65 0
65 0
65 0
65 2
65 0
65 0
65 0
65 0
65 80
65 0
65 28
65 0
65 0
65 0
65 0
65 0
65 0
65 0
65 0
65 5
65 0
65 0
65 0
65 2
65 0
65 0
65 0
65 0
65 0
65 0
65 0
65 0
65 1
65 0
65 0
65 0
65 2
65 0
65 1
65 0
65 0
65 0
65 0
65 1
65 0
65 0
65 0
65 0
65 0
65 0
65 0
66 0
66 0
66 1
66 0
66 0
66 0
66 0
66 0
66 0
66 8
66 0
66 0
66 0
66 0
66 0
66 0
66 0
66 1
66 0
66 0
66 0
66 0
66 0
66 0
66 0
66 0
66 0
66 1
66 0
66 0
66 0
66 0
66 1
66 0
66 0
66 0
66 0
66 0
66 1
66 0
66 0
66 0
66 0
66 0
66 0
66 0
66 0
66 0
66 1
66 0
66 0
66 0
66 0
66 0
66 0
66 1
66 0
66 0
66 0
66 0
66 0
66 0
66 0
66 86
66 0
66 0
66 1
66 2
66 0
66 0
66 0
66 0
66 0
66 0
66 0
66 1
66 2
66 0
66 0
66 0
66 0
66 0
66 0
66 0
66 0
66 0
66 0
66 0
66 0
66 0
66 1
66 0
66 0
66 0
66 0
66 0
66 1
66 0
66 0
66 0
67 0
67 0
67 0
67 1
67 0
67 0
67 0
67 0
67 0
67 0
67 0
67 0
67 0
67 0
67 0
67 0
67 0
67 0
67 0
67 0
67 0
67 0
67 1
67 0
67 0
67 1
67 0
67 1
67 0
67 0
67 0
67 0
67 0
67 0
67 0
67 0
67 0
67 0
67 1
67 0
67 1
67 0
67 0
67 0
67 0
67 0
67 0
67 1
67 0
67 1
67 0
67 0
67 0
67 0
67 0
67 32
67 19
67 0
67 0
67 1
67 0
67 0
67 0
67 0
67 0
67 0
67 0
67 0
67 0
67 0
67 0
67 1
67 0
67 0
67 0
67 0
67 0
67 0
67 0
67 1
67 0
67 0
67 1
67 0
67 0
67 0
67 0
67 0
67 0
67 0
67 0
67 0
67 0
67 0
67 0
67 0
67 0
67 1
67 0
67 0
68 0
68 0
68 1
68 1
68 0
68 0
68 0
68 0
68 0
68 0
68 0
68 0
68 0
68 0
68 11
68 0
68 0
68 0
68 0
68 0
68 0
68 0
68 0
68 0
68 0
68 0
68 1
68 1
68 0
68 1
68 1
68 0
68 1
68 0
68 1
68 0
68 0
68 0
68 0
68 0
68 1
68 0
68 0
68 0
68 0
68 0
68 1
68 1
68 0
68 0
68 0
68 0
68 0
68 0
68 0
68 0
68 1
68 1
68 94
68 3
68 30
68 63
68 0
68 0
68 1
68 0
68 0
68 0
68 0
68 0
68 0
68 0
68 1
68 1
68 0
68 0
68 0
68 1
68 0
68 0
68 0
68 0
68 0
68 0
68 0
68 1
68 0
68 0
68 0
68 0
68 0
68 0
68 0
68 0
68 0
68 0
68 0
68 0
68 0
68 0
69 0
69 0
69 0
69 0
69 0
69 0
69 1
69 1
69 1
69 0
69 0
69 0
69 1
69 0
69 0
69 1
69 0
69 0
69 0
69 0
69 1
69 0
69 1
69 0
69 0
69 0
69 0
69 0
69 0
69 0
69 0
69 1
69 0
69 0
69 0
69 0
69 0
69 0
69 0
69 0
69 1
69 0
69 0
69 0
69 0
69 0
69 1
69 0
69 0
69 0
69 0
69 0
69 5
69 0
69 0
69 1
69 0
69 0
69 0
69 0
69 1
69 0
69 0
69 0
69 0
69 0
69 0
69 0
69 10
69 38
69 33
69 0
69 1
69 0
69 0
69 0
69 0
69 0
69 0
69 0
69 0
69 0
69 0
69 1
69 1
69 1
69 0
69 0
69 0
69 0
69 0
69 1
69 0
69 0
69 1
69 1
69 0
69 0
69 0
69 0
70 0
70 0
70 0
70 0
70 0
70 1
70 0
70 0
70 0
70 0
70 1
70 0
70 19
70 0
70 0
70 1
70 0
70 0
70 1
70 1
70 0
70 1
70 0
70 0
70 0
70 1
70 0
70 0
70 0
70 0
70 0
70 0
70 0
70 0
70 0
70 0
70 0
70 0
70 0
70 0
70 0
70 0
70 0
70 0
70 0
70 0
70 0
70 0
70 0
70 0
70 0
70 0
70 0
70 0
70 0
70 0
70 0
70 0
70 0
70 71
70 0
70 19
70 0
70 0
70 16
70 27
70 0
70 0
70 0
70 0
70 0
70 1
70 0
70 0
70 0
70 1
70 0
70 0
70 0
70 1
70 4
70 0
70 0
70 0
70 0
70 1
70 0
70 0
70 0
70 0
70 0
70 0
70 0
70 0
70 0
70 0
70 0
70 1
70 0
70 1
71 0
71 0
71 1
71 0
71 0
71 0
71 1
71 0
71 0
71 0
71 0
71 0
71 1
71 0
71 0
71 0
71 0
71 0
71 0
71 1
71 0
71 0
71 0
71 0
71 0
71 1
71 0
71 0
71 1
71 0
71 1
71 1
71 0
71 1
71 0
71 0
71 0
71 1
71 0
71 0
71 0
71 0
71 1
71 0
71 0
71 0
71 1
71 4
71 1
71 0
71 0
71 0
71 0
71 0
71 0
71 0
71 0
71 0
71 11
71 28
71 0
71 0
71 20
71 6
71 0
71 0
71 0
71 0
71 0
71 0
71 0
71 0
71 1
71 0
71 0
71 0
71 0
71 0
71 0
71 0
71 0
71 0
71 0
71 2
71 0
71 1
71 0
71 0
71 0
71 0
71 0
71 0
71 0
71 0
71 0
71 0
71 0
71 0
71 0
71 0
72 0
72 0
72 0
72 0
72 1
72 0
72 1
72 0
72 1
72 1
72 0
72 0
72 0
72 0
72 0
72 0
72 13
72 2
72 0
72 0
72 0
72 0
72 0
72 0
72 0
72 1
72 0
72 0
72 0
72 0
72 0
72 0
72 0
72 0
72 0
72 0
72 0
72 1
72 0
72 0
72 1
72 0
72 0
72 0
72 0
72 0
72 0
72 0
72 0
72 1
72 0
72 1
72 0
72 0
72 0
72 0
72 0
72 0
72 0
72 0
72 0
72 0
72 0
72 0
72 1
72 3
72 0
72 0
72 26
72 0
72 0
72 14
72 43
72 0
72 0
72 0
72 0
72 23
72 0
72 1
72 0
72 2
72 0
72 0
72 0
72 0
72 0
72 0
72 0
72 0
72 1
72 4
72 0
72 0
72 0
72 0
72 0
72 0
72 0
72 0
73 0
73 0
73 1
73 1
73 0
73 0
73 0
73 0
73 0
73 0
73 0
73 1
73 0
73 1
73 3
73 0
73 0
73 0
73 0
73 0
73 2
73 0
73 0
73 1
73 0
73 0
73 0
73 0
73 0
73 1
73 0
73 0
73 1
73 0
73 0
73 0
73 0
73 0
73 0
73 0
73 0
73 0
73 0
73 0
73 0
73 0
73 0
73 0
73 0
73 0
73 0
73 0
73 0
73 0
73 0
73 1
73 0
73 1
73 0
73 1
73 0
73 0
73 0
73 1
73 0
73 0
73 0
73 48
73 0
73 0
73 24
73 1
73 1
73 0
73 21
73 0
73 0
73 5
73 1
73 0
73 0
73 0
73 0
73 0
73 0
73 0
73 0
73 0
73 0
73 0
73 0
73 0
73 0
73 0
73 0
73 0
73 0
73 0
73 0
73 1
74 0
74 0
74 0
74 0
74 0
74 0
74 2
74 0
74 0
74 0
74 0
74 0
74 2
74 0
74 0
74 0
74 0
74 0
74 0
74 0
74 0
74 2
74 0
74 1
74 0
74 0
74 0
74 0
74 0
74 0
74 0
74 0
74 0
74 0
74 0
74 0
74 0
74 1
74 0
74 1
74 0
74 0
74 0
74 0
74 0
74 0
74 0
74 0
74 0
74 0
74 0
74 0
74 0
74 0
74 0
74 2
74 0
74 0
74 0
74 0
74 23
74 0
74 2
74 0
74 0
74 1
74 24
74 1
74 1
74 0
74 0
74 0
74 0
74 1
74 0
74 0
74 1
74 0
74 0
74 0
74 0
74 0
74 1
74 1
74 1
74 0
74 0
74 0
74 0
74 0
74 1
74 0
74 0
74 0
74 0
74 0
74 0
74 0
74 0
74 0
75 0
75 0
75 1
75 1
75 0
75 0
75 0
75 0
75 0
75 1
75 0
75 0
75 0
75 0
75 1
75 0
75 0
75 0
75 0
75 0
75 0
75 1
75 0
75 1
75 1
75 0
75 0
75 0
75 0
75 0
75 0
75 0
75 0
75 0
75 1
75 0
75 0
75 0
75 0
75 1
75 0
75 0
75 0
75 0
75 0
75 0
75 0
75 0
75 0
75 0
75 0
75 2
75 0
75 0
75 0
75 0
75 0
75 0
75 0
75 0
75 1
75 0
75 0
75 18
75 0
75 0
75 0
75 1
75 0
75 18
75 16
75 0
75 0
75 0
75 0
75 0
75 0
75 0
75 1
75 0
75 1
75 1
75 0
75 0
75 0
75 0
75 1
75 0
75 0
75 1
75 0
75 0
75 0
75 0
75 0
75 0
75 0
75 0
75 0
75 0
76 0
76 1
76 1
76 1
76 0
76 0
76 0
76 0
76 0
76 0
76 0
76 0
76 1
76 0
76 1
76 0
76 0
76 0
76 0
76 0
76 1
76 0
76 0
76 0
76 0
76 0
76 0
76 0
76 0
76 1
76 0
76 0
76 1
76 0
76 0
76 0
76 0
76 0
76 1
76 0
76 0
76 0
76 0
76 0
76 0
76 0
76 0
76 0
76 0
76 0
76 0
76 0
76 0
76 1
76 0
76 0
76 0
76 0
76 0
76 0
76 0
76 0
76 0
76 0
76 0
76 1
76 0
76 0
76 0
76 10
76 0
76 0
76 0
76 0
76 0
76 0
76 0
76 0
76 16
76 1
76 0
76 0
76 0
76 1
76 0
76 1
76 0
76 0
76 0
76 0
76 1
76 0
76 0
76 0
76 0
76 0
76 0
76 0
76 0
76 0
77 0
77 0
77 0
77 0
77 0
77 0
77 0
77 0
77 0
77 0
77 0
77 2
77 1
77 0
77 1
77 2
77 1
77 0
77 0
77 0
77 0
77 0
77 0
77 0
77 0
77 0
77 0
77 0
77 0
77 0
77 0
77 0
77 0
77 0
77 0
77 0
77 0
77 0
77 0
77 0
77 0
77 0
77 0
77 0
77 1
77 0
77 0
77 0
77 0
77 0
77 0
77 0
77 0
77 0
77 0
77 0
77 1
77 0
77 1
77 1
77 0
77 1
77 0
77 0
77 0
77 2
77 0
77 0
77 11
77 0
77 0
77 0
77 0
77 0
77 0
77 0
77 1
77 12
77 7
77 3
77 0
77 0
77 0
77 0
77 2
77 0
77 0
77 1
77 0
77 0
77 0
77 1
77 1
77 1
77 1
77 1
77 1
77 0
77 1
77 0
78 0
78 0
78 0
78 0
78 0
78 0
78 0
78 0
78 0
78 1
78 0
78 0
78 2
78 0
78 0
78 0
78 0
78 0
78 1
78 1
78 0
78 0
78 0
78 0
78 0
78 0
78 0
78 0
78 0
78 0
78 0
78 0
78 0
78 0
78 0
78 1
78 1
78 0
78 0
78 0
78 1
78 0
78 0
78 1
78 0
78 0
78 2
78 0
78 0
78 0
78 0
78 0
78 1
78 0
78 2
78 0
78 0
78 0
78 0
78 0
78 0
78 0
78 0
78 4
78 0
78 0
78 0
78 7
78 0
78 5
78 0
78 0
78 0
78 0
78 0
78 1
78 17
78 0
78 4
78 0
78 1
78 0
78 0
78 0
78 0
78 0
78 0
78 0
78 0
78 0
78 0
78 1
78 0
78 1
78 0
78 0
78 0
78 0
78 1
78 1
79 0
79 1
79 0
79 0
79 1
79 0
79 0
79 0
79 0
79 0
79 0
79 0
79 0
79 0
79 2
79 0
79 0
79 0
79 0
79 0
79 0
79 0
79 0
79 0
79 0
79 1
79 0
79 0
79 0
79 0
79 0
79 0
79 0
79 0
79 0
79 0
79 0
79 0
79 0
79 0
79 1
79 0
79 0
79 0
79 0
79 0
79 1
79 0
79 0
79 1
79 0
79 1
79 1
79 1
79 0
79 0
79 0
79 0
79 0
79 0
79 1
79 0
79 1
79 0
79 2
79 0
79 0
79 0
79 7
79 0
79 1
79 3
79 2
79 0
79 0
79 0
79 0
79 0
79 0
79 0
79 0
79 0
79 0
79 9
79 2
79 0
79 1
79 0
79 0
79 0
79 0
79 0
79 0
79 0
79 2
79 0
79 1
79 0
79 0
79 0
80 0
80 0
80 0
80 1
80 0
80 0
80 0
80 1
80 0
80 1
80 0
80 1
80 0
80 1
80 0
80 1
80 0
80 0
80 0
80 0
80 0
80 2
80 0
80 2
80 0
80 0
80 0
80 0
80 0
80 1
80 0
80 0
80 0
80 1
80 0
80 0
80 0
80 0
80 0
80 0
80 0
80 0
80 0
80 0
80 0
80 0
80 0
80 0
80 0
80 0
80 0
80 1
80 1
80 0
80 0
80 0
80 0
80 0
80 0
80 0
80 0
80 0
80 0
80 35
80 0
80 1
80 0
80 0
80 2
80 0
80 0
80 0
80 8
80 0
80 0
80 34
80 0
80 0
80 1
80 0
80 0
80 0
80 0
80 1
80 0
80 0
80 0
80 0
80 0
80 0
80 0
80 0
80 0
80 0
80 0
80 0
80 0
80 0
80 0
80 0
81 0
81 0
81 0
81 1
81 0
81 0
81 0
81 0
81 0
81 0
81 0
81 0
81 1
81 0
81 1
81 0
81 0
81 0
81 0
81 0
81 0
81 0
81 0
81 0
81 0
81 0
81 0
81 0
81 0
81 0
81 0
81 0
81 1
81 0
81 0
81 1
81 0
81 0
81 0
81 0
81 1
81 0
81 0
81 0
81 0
81 0
81 0
81 1
81 0
81 0
81 1
81 0
81 1
81 0
81 0
81 0
81 0
81 1
81 0
81 0
81 0
81 7
81 32
81 1
81 0
81 0
81 0
81 0
81 27
81 4
81 5
81 0
81 19
81 0
81 0
81 0
81 11
81 0
81 1
81 3
81 0
81 0
81 1
81 0
81 0
81 0
81 0
81 1
81 0
81 0
81 0
81 0
81 0
81 1
81 0
81 0
81 0
81 0
81 0
81 1
82 0
82 0
82 0
82 0
82 0
82 0
82 0
82 0
82 2
82 1
82 0
82 0
82 0
82 0
82 0
82 0
82 0
82 0
82 0
82 1
82 0
82 0
82 0
82 0
82 0
82 0
82 0
82 0
82 0
82 0
82 0
82 0
82 0
82 0
82 0
82 0
82 0
82 0
82 1
82 1
82 0
82 0
82 0
82 0
82 0
82 0
82 0
82 0
82 0
82 0
82 0
82 0
82 0
82 0
82 0
82 1
82 0
82 0
82 0
82 0
82 0
82 0
82 28
82 0
82 0
82 5
82 0
82 0
82 0
82 11
82 1
82 0
82 0
82 0
82 3
82 0
82 17
82 8
82 1
82 1
82 0
82 0
82 0
82 0
82 0
82 0
82 0
82 0
82 0
82 0
82 0
82 0
82 0
82 0
82 0
82 0
82 0
82 0
82 0
82 0
83 0
83 0
83 0
83 0
83 0
83 0
83 0
83 1
83 1
83 0
83 0
83 0
83 0
83 1
83 0
83 0
83 0
83 0
83 0
83 0
83 0
83 0
83 0
83 0
83 1
83 0
83 1
83 0
83 1
83 1
83 0
83 0
83 0
83 1
83 0
83 0
83 1
83 1
83 1
83 1
83 0
83 0
83 0
83 0
83 0
83 0
83 0
83 0
83 0
83 0
83 0
83 1
83 1
83 0
83 0
83 0
83 1
83 1
83 1
83 1
83 0
83 0
83 1
83 1
83 23
83 0
83 0
83 0
83 0
83 0
83 0
83 0
83 0
83 0
83 0
83 38
83 0
83 5
83 0
83 0
83 0
83 0
83 0
83 0
83 15
83 0
83 20
83 0
83 0
83 0
83 1
83 0
83 0
83 0
83 0
83 1
83 0
83 0
83 1
83 0
84 0
84 0
84 0
84 0
84 1
84 0
84 2
84 2
84 0
84 0
84 0
84 0
84 0
84 0
84 0
84 0
84 0
84 0
84 0
84 0
84 1
84 0
84 0
84 0
84 0
84 0
84 0
84 0
84 0
84 0
84 0
84 0
84 1
84 0
84 0
84 1
84 0
84 0
84 0
84 0
84 0
84 1
84 0
84 0
84 0
84 0
84 0
84 0
84 0
84 0
84 0
84 0
84 0
84 0
84 1
84 0
84 1
84 0
84 0
84 28
84 0
84 0
84 0
84 1
84 104
84 11
84 0
84 1
84 0
84 0
84 0
84 1
84 1
84 0
84 0
84 0
84 0
84 0
84 0
84 0
84 0
84 0
84 0
84 0
84 0
84 1
84 0
84 0
84 0
84 0
84 0
84 0
84 0
84 0
84 0
84 0
84 0
84 0
84 0
84 0
85 0
85 0
85 1
85 0
85 0
85 0
85 0
85 0
85 0
85 0
85 1
85 0
85 1
85 0
85 1
85 0
85 0
85 1
85 1
85 1
85 1
85 0
85 2
85 0
85 0
85 0
85 0
85 0
85 0
85 0
85 0
85 0
85 1
85 0
85 0
85 0
85 1
85 2
85 0
85 0
85 0
85 1
85 0
85 1
85 0
85 0
85 0
85 0
85 1
85 0
85 0
85 0
85 0
85 0
85 0
85 0
85 0
85 24
85 0
85 0
85 0
85 0
85 0
85 0
85 0
85 0
85 0
85 0
85 104
85 0
85 0
85 4
85 0
85 26
85 1
85 0
85 0
85 0
85 0
85 0
85 0
85 0
85 0
85 1
85 0
85 0
85 0
85 0
85 0
85 1
85 0
85 1
85 0
85 1
85 0
85 0
85 0
85 0
85 0
85 0
86 0
86 0
86 0
86 0
86 0
86 0
86 1
86 0
86 0
86 1
86 0
86 0
86 0
86 9
86 0
86 0
86 0
86 0
86 0
86 0
86 0
86 0
86 0
86 0
86 0
86 1
86 0
86 0
86 0
86 0
86 0
86 0
86 0
86 0
86 0
86 0
86 0
86 1
86 0
86 0
86 1
86 0
86 0
86 0
86 0
86 1
86 0
86 0
86 1
86 0
86 0
86 0
86 1
86 1
86 0
86 0
86 0
86 0
86 90
86 0
86 0
86 0
86 0
86 0
86 0
86 0
86 3
86 3
86 0
86 0
86 0
86 0
86 27
86 0
86 0
86 0
86 1
86 0
86 1
86 0
86 1
86 1
86 0
86 0
86 0
86 0
86 0
86 0
86 0
86 0
86 1
86 0
86 0
86 1
86 1
86 0
86 1
86 0
86 0
86 0
87 0
87 1
87 1
87 1
87 0
87 0
87 0
87 1
87 0
87 0
87 0
87 0
87 0
87 1
87 0
87 0
87 1
87 1
87 0
87 0
87 0
87 0
87 3
87 0
87 2
87 1
87 0
87 0
87 1
87 1
87 1
87 0
87 0
87 0
87 0
87 0
87 0
87 0
87 0
87 0
87 0
87 0
87 0
87 0
87 0
87 0
87 0
87 0
87 0
87 0
87 2
87 0
87 0
87 0
87 0
87 0
87 1
87 2
87 1
87 0
87 1
87 1
87 0
87 2
87 41
87 0
87 0
87 10
87 19
87 0
87 2
87 0
87 0
87 0
87 0
87 0
87 0
87 0
87 0
87 0
87 0
87 0
87 1
87 0
87 0
87 1
87 2
87 0
87 0
87 0
87 0
87 0
87 0
87 0
87 0
87 0
87 0
87 0
87 0
87 0
88 0
88 0
88 0
88 0
88 0
88 0
88 1
88 0
88 0
88 0
88 1
88 0
88 19
88 0
88 0
88 0
88 0
88 0
88 0
88 0
88 0
88 1
88 0
88 0
88 0
88 0
88 0
88 0
88 1
88 0
88 0
88 0
88 0
88 0
88 1
88 0
88 0
88 0
88 0
88 0
88 0
88 0
88 0
88 0
88 0
88 0
88 1
88 0
88 0
88 0
88 0
88 0
88 0
88 0
88 0
88 0
88 0
88 123
88 0
88 0
88 1
88 0
88 0
88 0
88 0
88 13
88 0
88 0
88 0
88 0
88 0
88 9
88 2
88 0
88 0
88 0
88 0
88 1
88 0
88 0
88 0
88 1
88 0
88 0
88 0
88 0
88 0
88 0
88 0
88 0
88 0
88 0
88 0
88 0
88 0
88 0
88 1
88 0
88 0
88 0
89 1
89 0
89 0
89 0
89 0
89 0
89 0
89 0
89 1
89 0
89 0
89 0
89 0
89 0
89 6
89 0
89 0
89 0
89 0
89 0
89 0
89 0
89 0
89 0
89 0
89 0
89 1
89 1
89 0
89 0
89 1
89 0
89 0
89 0
89 0
89 0
89 0
89 0
89 1
89 0
89 0
89 0
89 0
89 0
89 1
89 0
89 0
89 0
89 1
89 0
89 0
89 0
89 0
89 0
89 0
89 0
89 0
89 0
89 0
89 0
89 0
89 1
89 0
89 0
89 0
89 4
89 0
89 5
89 0
89 0
89 0
89 3
89 0
89 0
89 3
89 0
89 0
89 25
89 1
89 3
89 0
89 1
89 0
89 0
89 0
89 0
89 0
89 0
89 0
89 0
89 0
89 1
89 0
89 0
89 0
89 0
89 0
89 0
89 0
89 0
90 1
90 0
90 0
90 1
90 0
90 0
90 0
90 0
90 0
90 0
90 0
90 1
90 0
90 6
90 0
90 1
90 0
90 0
90 0
90 0
90 0
90 0
90 1
90 0
90 0
90 0
90 1
90 0
90 0
90 2
90 0
90 1
90 0
90 0
90 0
90 0
90 0
90 0
90 0
90 0
90 0
90 0
90 2
90 0
90 0
90 1
90 0
90 1
90 0
90 0
90 0
90 1
90 0
90 0
90 0
90 0
90 1
90 0
90 0
90 0
90 1
90 0
90 65
90 0
90 0
90 0
90 0
90 0
90 10
90 0
90 5
90 0
90 0
90 0
90 0
90 0
90 0
90 0
90 0
90 0
90 0
90 8
90 3
90 0
90 0
90 0
90 0
90 0
90 0
90 0
90 0
90 0
90 0
90 0
90 0
90 1
90 0
90 0
90 0
90 0
91 1
91 0
91 0
91 0
91 2
91 0
91 0
91 0
91 1
91 0
91 0
91 0
91 6
91 0
91 0
91 0
91 0
91 0
91 0
91 0
91 1
91 0
91 0
91 0
91 1
91 0
91 0
91 0
91 0
91 0
91 0
91 1
91 0
91 0
91 0
91 1
91 0
91 0
91 0
91 0
91 0
91 0
91 0
91 0
91 0
91 0
91 0
91 0
91 0
91 1
91 0
91 0
91 0
91 0
91 1
91 0
91 3
91 0
91 2
91 0
91 81
91 3
91 0
91 0
91 0
91 1
91 1
91 0
91 1
91 1
91 0
91 0
91 0
91 0
91 1
91 1
91 0
91 0
91 1
91 0
91 1
91 0
91 0
91 0
91 0
91 0
91 0
91 0
91 0
91 0
91 0
91 0
91 0
91 0
91 0
91 0
91 0
91 0
91 0
91 0
92 0
92 0
92 0
92 0
92 0
92 0
92 0
92 1
92 0
92 0
92 1
92 1
92 0
92 0
92 1
92 0
92 0
92 0
92 0
92 0
92 0
92 0
92 1
92 0
92 0
92 1
92 0
92 0
92 0
92 0
92 0
92 0
92 0
92 0
92 0
92 0
92 0
92 0
92 0
92 0
92 0
92 1
92 0
92 0
92 0
92 0
92 0
92 0
92 0
92 0
92 0
92 0
92 0
92 0
92 1
92 0
92 0
92 0
92 1
92 1
92 0
92 0
92 0
92 0
92 0
92 0
92 62
92 3
92 0
92 0
92 4
92 0
92 0
92 0
92 0
92 0
92 2
92 12
92 0
92 0
92 0
92 0
92 0
92 0
92 0
92 0
92 0
92 0
92 0
92 0
92 1
92 0
92 0
92 0
92 0
92 0
92 0
92 1
92 0
92 0
93 0
93 1
93 1
93 0
93 0
93 0
93 0
93 0
93 0
93 0
93 0
93 0
93 0
93 1
93 2
93 0
93 0
93 1
93 0
93 0
93 1
93 0
93 0
93 0
93 0
93 0
93 0
93 0
93 0
93 0
93 1
93 0
93 0
93 0
93 0
93 0
93 1
93 0
93 0
93 0
93 0
93 0
93 2
93 0
93 0
93 1
93 0
93 0
93 0
93 0
93 0
93 0
93 0
93 0
93 0
93 0
93 1
93 0
93 0
93 0
93 0
93 0
93 72
93 0
93 0
93 0
93 5
93 0
93 0
93 0
93 0
93 0
93 0
93 1
93 0
93 0
93 0
93 1
93 0
93 0
93 0
93 0
93 0
93 0
93 0
93 0
93 0
93 1
93 0
93 0
93 0
93 1
93 0
93 0
93 0
93 0
93 0
93 0
93 0
93 0
94 0
94 0
94 0
94 0
94 1
94 0
94 0
94 1
94 0
94 1
94 0
94 0
94 0
94 1
94 0
94 0
94 0
94 0
94 1
94 0
94 0
94 2
94 0
94 0
94 1
94 0
94 0
94 0
94 0
94 0
94 0
94 0
94 0
94 0
94 1
94 1
94 0
94 0
94 0
94 0
94 0
94 0
94 0
94 1
94 0
94 0
94 0
94 0
94 0
94 0
94 0
94 0
94 0
94 0
94 0
94 0
94 0
94 0
94 0
94 0
94 0
94 0
94 0
94 0
94 0
94 0
94 0
94 0
94 0
94 19
94 0
94 0
94 0
94 2
94 0
94 0
94 0
94 19
94 3
94 0
94 0
94 4
94 5
94 0
94 0
94 0
94 0
94 0
94 0
94 0
94 1
94 0
94 0
94 0
94 0
94 0
94 0
94 0
94 0
94 0
95 1
95 0
95 1
95 0
95 0
95 2
95 0
95 1
95 0
95 0
95 0
95 0
95 0
95 1
95 0
95 0
95 0
95 1
95 0
95 1
95 0
95 1
95 0
95 0
95 0
95 0
95 0
95 2
95 0
95 0
95 0
95 1
95 0
95 0
95 0
95 1
95 1
95 0
95 0
95 0
95 1
95 0
95 0
95 0
95 0
95 0
95 0
95 0
95 0
95 0
95 0
95 0
95 0
95 1
95 0
95 0
95 0
95 36
95 0
95 4
95 6
95 0
95 0
95 12
95 1
95 4
95 0
95 0
95 0
95 0
95 0
95 0
95 1
95 0
95 0
95 1
95 1
95 0
95 0
95 0
95 0
95 0
95 0
95 0
95 1
95 0
95 0
95 0
95 0
95 0
95 0
95 0
95 0
95 0
95 0
95 0
95 0
95 0
95 0
95 0
96 0
96 0
96 0
96 0
96 0
96 0
96 1
96 0
96 0
96 0
96 1
96 1
96 1
96 0
96 1
96 0
96 0
96 0
96 0
96 0
96 1
96 0
96 2
96 0
96 0
96 1
96 0
96 2
96 0
96 0
96 1
96 0
96 0
96 0
96 0
96 0
96 0
96 0
96 0
96 0
96 0
96 0
96 0
96 0
96 0
96 0
96 0
96 0
96 0
96 0
96 1
96 0
96 0
96 0
96 0
96 0
96 0
96 1
96 0
96 0
96 0
96 0
96 0
96 0
96 7
96 0
96 0
96 0
96 0
96 18
96 14
96 0
96 0
96 0
96 0
96 0
96 0
96 0
96 0
96 0
96 0
96 0
96 0
96 0
96 0
96 0
96 0
96 0
96 0
96 0
96 0
96 0
96 0
96 0
96 0
96 0
96 0
96 1
96 0
96 1
97 0
97 0
97 0
97 0
97 0
97 0
97 0
97 0
97 0
97 0
97 0
97 0
97 0
97 0
97 0
97 0
97 0
97 0
97 0
97 0
97 0
97 0
97 0
97 0
97 0
97 0
97 1
97 0
97 0
97 0
97 0
97 0
97 0
97 0
97 0
97 0
97 1
97 0
97 0
97 0
97 0
97 0
97 0
97 0
97 0
97 0
97 0
97 0
97 0
97 0
97 1
97 0
97 0
97 1
97 0
97 0
97 0
97 0
97 0
97 0
97 0
97 0
97 0
97 0
97 0
97 0
97 46
97 0
97 16
97 1
97 0
97 0
97 0
97 0
97 0
97 1
97 0
97 2
97 0
97 1
97 0
97 0
97 0
97 0
97 0
97 0
97 0
97 0
97 0
97 0
97 0
97 0
97 0
97 0
97 0
97 0
97 0
97 0
97 0
97 0
98 0
98 0
98 0
98 0
98 1
98 0
98 0
98 0
98 1
98 0
98 0
98 0
98 0
98 0
98 0
98 0
98 0
98 0
98 0
98 0
98 1
98 0
98 0
98 0
98 0
98 0
98 0
98 0
98 0
98 1
98 0
98 0
98 0
98 1
98 0
98 0
98 0
98 0
98 0
98 0
98 1
98 0
98 0
98 0
98 1
98 1
98 0
98 1
98 0
98 1
98 0
98 0
98 0
98 1
98 0
98 0
98 4
98 0
98 0
98 0
98 2
98 0
98 1
98 0
98 0
98 0
98 0
98 0
98 0
98 0
98 14
98 0
98 16
98 0
98 0
98 1
98 0
98 0
98 0
98 0
98 0
98 0
98 0
98 0
98 0
98 0
98 0
98 0
98 1
98 0
98 0
98 0
98 0
98 0
98 0
98 0
98 0
98 0
98 0
98 0
99 1
99 1
99 0
99 0
99 0
99 0
99 0
99 0
99 0
99 0
99 1
99 0
99 0
99 0
99 0
99 1
99 1
99 1
99 0
99 1
99 1
99 0
99 0
99 0
99 0
99 0
99 0
99 0
99 0
99 1
99 0
99 1
99 1
99 1
99 0
99 0
99 1
99 1
99 0
99 0
99 0
99 1
99 0
99 0
99 2
99 0
99 0
99 0
99 0
99 0
99 0
99 0
99 0
99 1
99 0
99 1
99 0
99 0
99 1
99 0
99 0
99 1
99 0
99 0
99 0
99 0
99 0
99 0
99 0
99 0
99 7
99 6
99 0
99 0
99 1
99 25
99 0
99 0
99 0
99 0
99 2
99 1
99 0
99 0
99 1
99 0
99 1
99 0
99 0
99 0
99 0
99 1
99 0
99 0
99 0
99 0
99 0
99 0
99 1
99 0
