0 0
0 0
0 1
0 1
0 0
0 0
0 0
0 0
0 1
0 0
1 0
1 124
1 0
1 0
1 0
1 1
1 0
1 0
1 0
1 0
2 0
2 0
2 0
2 22
2 0
2 0
2 0
2 0
2 7
2 0
3 0
3 51
3 0
3 0
3 0
3 4
3 0
3 0
3 0
3 0
4 0
4 5
4 1
4 3
4 1
4 2
4 21
4 0
4 0
4 0
5 0
5 4
5 0
5 3
5 0
5 0
5 0
5 0
5 0
5 0
6 0
6 0
6 0
6 0
6 0
6 0
6 0
6 0
6 0
6 0
7 0
7 0
7 0
7 0
7 0
7 0
7 0
7 1
7 0
7 0
8 0
8 0
8 59
8 0
8 0
8 0
8 0
8 0
8 0
8 0
9 78
9 1
9 0
9 0
9 0
9 0
9 0
9 0
9 0
9 0
10 0
10 0
10 0
10 0
10 1
10 2
10 0
10 0
10 0
10 1
11 0
11 102
11 0
11 0
11 0
11 0
11 0
11 0
11 0
11 0
12 0
12 0
12 3
12 0
12 0
12 0
12 0
12 0
12 0
12 0
13 4
13 0
13 0
13 0
13 0
13 0
13 0
13 0
13 1
13 0
14 0
14 0
14 0
14 0
14 4
14 0
14 0
14 0
14 1
14 0
15 9
15 0
15 25
15 0
15 1
15 15
15 0
15 0
15 0
15 0
16 0
16 1
16 0
16 0
16 0
16 0
16 0
16 0
16 0
16 4
17 0
17 0
17 6
17 0
17 0
17 2
17 0
17 0
17 0
17 1
18 0
18 0
18 0
18 0
18 0
18 0
18 0
18 0
18 0
18 0
19 0
19 0
19 0
19 0
19 0
19 0
19 0
19 0
19 0
19 0
20 0
20 0
20 9
20 0
20 14
20 0
20 0
20 0
20 0
20 0
21 6
21 0
21 0
21 0
21 0
21 0
21 1
21 0
21 0
21 0
22 0
22 14
22 0
22 0
22 0
22 0
22 0
22 0
22 4
22 0
23 0
23 48
23 0
23 1
23 0
23 0
23 1
23 0
23 1
23 0
24 1
24 0
24 0
24 1
24 0
24 0
24 0
24 0
24 4
24 0
25 136
25 0
25 0
25 0
25 0
25 0
25 0
25 0
25 0
25 0
26 0
26 0
26 0
26 0
26 72
26 0
26 1
26 1
26 1
26 0
27 94
27 0
27 0
27 0
27 0
27 1
27 0
27 0
27 0
27 0
28 0
28 0
28 1
28 0
28 0
28 0
28 1
28 0
28 0
28 0
29 0
29 131
29 0
29 0
29 0
29 0
29 0
29 1
29 0
29 0
30 118
30 0
30 0
30 0
30 0
30 0
30 0
30 0
30 0
30 0
31 0
31 0
31 0
31 0
31 0
31 0
31 0
31 0
31 0
31 0
32 131
32 0
32 0
32 0
32 0
32 0
32 0
32 0
32 0
32 0
33 0
33 0
33 0
33 0
33 0
33 0
33 0
33 0
33 0
33 0
34 0
34 0
34 0
34 0
34 0
34 6
34 0
34 0
34 0
34 0
35 0
35 0
35 0
35 0
35 0
35 0
35 0
35 0
35 0
35 0
36 0
36 0
36 0
36 0
36 0
36 0
36 0
36 0
36 0
36 0
37 1
37 0
37 0
37 0
37 1
37 0
37 0
37 0
37 0
37 0
38 0
38 0
38 0
38 0
38 0
38 0
38 0
38 0
38 0
38 0
39 1
39 0
39 0
39 14
39 0
39 4
39 0
39 7
39 0
39 0
40 0
40 0
40 0
40 22
40 0
40 0
40 0
40 0
40 0
40 0
41 1
41 8
41 24
41 52
41 0
41 0
41 0
41 0
41 0
41 0
42 0
42 1
42 0
42 0
42 0
42 0
42 0
42 0
42 0
42 0
43 0
43 0
43 7
43 0
43 0
43 0
43 0
43 0
43 0
43 3
44 0
44 0
44 1
44 0
44 0
44 0
44 0
44 0
44 43
44 0
45 130
45 0
45 0
45 0
45 0
45 0
45 0
45 0
45 0
45 0
46 0
46 0
46 1
46 1
46 0
46 0
46 0
46 0
46 0
46 0
47 0
47 130
47 1
47 0
47 0
47 0
47 0
47 0
47 1
47 0
48 1
48 0
48 0
48 1
48 0
48 0
48 0
48 1
48 0
48 0
49 0
49 0
49 0
49 1
49 0
49 0
49 0
49 0
49 0
49 0
50 137
50 0
50 0
50 0
50 1
50 0
50 0
50 0
50 0
50 0
51 0
51 5
51 0
51 0
51 0
51 0
51 7
51 0
51 0
51 0
52 102
52 0
52 0
52 0
52 1
52 0
52 0
52 0
52 0
52 0
53 0
53 0
53 0
53 0
53 0
53 2
53 0
53 0
53 1
53 0
54 137
54 0
54 0
54 0
54 1
54 0
54 0
54 0
54 0
54 1
55 0
55 3
55 0
55 0
55 0
55 0
55 1
55 0
55 0
55 0
56 133
56 0
56 0
56 0
56 0
56 0
56 0
56 1
56 1
56 1
57 0
57 128
57 0
57 1
57 0
57 2
57 0
57 1
57 0
57 0
58 0
58 0
58 1
58 0
58 0
58 0
58 0
58 0
58 2
58 0
59 121
59 0
59 0
59 0
59 0
59 0
59 0
59 1
59 0
59 0
60 0
60 0
60 0
60 1
60 0
60 1
60 0
60 0
60 0
60 0
61 124
61 0
61 0
61 0
61 0
61 0
61 0
61 0
61 0
61 0
62 0
62 0
62 0
62 0
62 0
62 0
62 0
62 0
62 0
62 1
63 0
63 0
63 4
63 0
63 11
63 0
63 0
63 0
63 0
63 0
64 0
64 0
64 0
64 0
64 0
64 0
64 2
64 1
64 15
64 13
65 0
65 0
65 1
65 6
65 0
65 0
65 3
65 0
65 0
65 0
66 0
66 0
66 25
66 0
66 35
66 0
66 0
66 0
66 0
66 0
67 24
67 1
67 3
67 4
67 0
67 0
67 0
67 7
67 0
67 0
68 0
68 0
68 0
68 0
68 27
68 0
68 0
68 13
68 0
68 0
69 0
69 0
69 0
69 0
69 0
69 4
69 4
69 7
69 1
69 0
70 0
70 0
70 0
70 0
70 0
70 0
70 0
70 1
70 0
70 14
71 0
71 0
71 0
71 0
71 0
71 0
71 1
71 0
71 1
71 0
72 0
72 0
72 0
72 0
72 0
72 0
72 0
72 0
72 0
72 0
73 1
73 0
73 0
73 12
73 0
73 0
73 6
73 0
73 0
73 0
74 0
74 11
74 0
74 1
74 0
74 24
74 2
74 0
74 2
74 12
75 1
75 0
75 0
75 4
75 0
75 29
75 6
75 0
75 0
75 0
76 126
76 0
76 0
76 0
76 0
76 1
76 0
76 0
76 0
76 0
77 0
77 4
77 0
77 1
77 0
77 0
77 0
77 1
77 0
77 0
78 0
78 0
78 0
78 0
78 0
78 0
78 0
78 0
78 0
78 0
79 0
79 0
79 0
79 0
79 0
79 0
79 0
79 0
79 0
79 0
80 21
80 1
80 0
80 0
80 0
80 0
80 0
80 0
80 0
80 0
81 5
81 4
81 2
81 0
81 0
81 0
81 0
81 0
81 0
81 0
82 0
82 0
82 33
82 1
82 0
82 0
82 0
82 0
82 0
82 0
83 0
83 0
83 42
83 0
83 0
83 0
83 1
83 0
83 0
83 0
84 4
84 92
84 0
84 0
84 0
84 0
84 0
84 0
84 0
84 0
85 0
85 0
85 0
85 0
85 0
85 0
85 24
85 16
85 0
85 0
86 23
86 0
86 0
86 0
86 0
86 0
86 0
86 0
86 0
86 0
87 0
87 0
87 5
87 0
87 0
87 0
87 6
87 0
87 13
87 0
88 0
88 0
88 0
88 0
88 10
88 0
88 6
88 1
88 0
88 0
89 0
89 0
89 0
89 0
89 0
89 7
89 0
89 0
89 12
89 0
90 0
90 1
90 0
90 0
90 0
90 0
90 0
90 0
90 0
90 0
91 0
91 0
91 0
91 0
91 0
91 0
91 0
91 0
91 0
91 0
92 0
92 5
92 0
92 0
92 0
92 0
92 0
92 0
92 0
92 0
93 0
93 0
93 0
93 0
93 0
93 0
93 0
93 0
93 0
93 0
94 0
94 1
94 0
94 1
94 4
94 3
94 0
94 0
94 4
94 0
95 0
95 0
95 0
95 13
95 25
95 0
95 0
95 0
95 0
95 0
96 0
96 0
96 0
96 0
96 0
96 0
96 0
96 2
96 1
96 0
97 0
97 0
97 0
97 0
97 0
97 0
97 0
97 13
97 0
97 0
98 1
98 0
98 0
98 5
98 0
98 0
98 0
98 0
98 0
98 0
99 126
99 0
99 0
99 1
99 2
99 0
99 0
99 0
99 0
99 0
