0 0
0 1
0 0
0 0
0 0
0 0
0 5
0 14
0 8
0 27
1 52
1 88
1 0
1 0
1 0
1 0
1 0
1 0
1 0
1 0
2 0
2 0
2 0
2 0
2 22
2 0
2 0
2 20
2 12
2 9
3 0
3 32
3 0
3 0
3 9
3 36
3 24
3 2
3 0
3 0
4 0
4 0
4 0
4 28
4 76
4 1
4 0
4 0
4 0
4 0
5 164
5 0
5 0
5 0
5 0
5 0
5 0
5 0
5 0
5 0
6 20
6 0
6 24
6 32
6 0
6 0
6 0
6 0
6 0
6 1
7 0
7 0
7 0
7 0
7 0
7 0
7 0
7 8
7 0
7 35
8 67
8 0
8 0
8 79
8 0
8 0
8 0
8 0
8 0
8 0
9 97
9 0
9 23
9 54
9 0
9 0
9 0
9 0
9 0
9 0
10 0
10 140
10 0
10 0
10 0
10 0
10 0
10 0
10 0
10 0
11 0
11 40
11 9
11 0
11 76
11 0
11 1
11 0
11 0
11 0
12 4
12 0
12 24
12 38
12 0
12 10
12 38
12 30
12 0
12 0
13 120
13 16
13 0
13 1
13 0
13 0
13 0
13 0
13 0
13 0
14 0
14 0
14 0
14 0
14 32
14 0
14 4
14 77
14 77
14 0
15 1
15 277
15 36
15 0
15 0
15 0
15 0
15 0
15 0
15 0
16 0
16 0
16 0
16 0
16 1
16 9
16 79
16 0
16 1
16 0
17 94
17 2
17 0
17 2
17 25
17 28
17 2
17 0
17 0
17 0
18 0
18 40
18 115
18 0
18 0
18 0
18 0
18 0
18 0
18 0
19 0
19 0
19 0
19 0
19 31
19 8
19 0
19 59
19 1
19 0
20 40
20 17
20 119
20 0
20 0
20 0
20 0
20 0
20 0
20 0
21 0
21 0
21 0
21 14
21 17
21 50
21 0
21 48
21 0
21 0
22 0
22 0
22 4
22 122
22 34
22 0
22 0
22 0
22 0
22 0
23 1
23 33
23 71
23 0
23 0
23 0
23 1
23 2
23 1
23 0
24 0
24 0
24 242
24 38
24 0
24 0
24 0
24 1
24 0
24 0
25 0
25 26
25 2
25 25
25 35
25 1
25 0
25 0
25 0
25 2
26 0
26 185
26 0
26 66
26 0
26 0
26 0
26 0
26 1
26 0
27 0
27 28
27 71
27 0
27 0
27 0
27 0
27 0
27 0
27 0
28 0
28 192
28 0
28 19
28 53
28 0
28 0
28 1
28 1
28 0
29 131
29 0
29 0
29 0
29 0
29 0
29 0
29 0
29 0
29 0
30 0
30 24
30 80
30 0
30 0
30 0
30 0
30 1
30 1
30 0
31 0
31 1
31 175
31 28
31 0
31 0
31 0
31 0
31 0
31 0
32 20
32 40
32 76
32 0
32 118
32 0
32 0
32 0
32 1
32 0
33 0
33 0
33 27
33 131
33 12
33 0
33 0
33 64
33 0
33 0
34 0
34 318
34 0
34 0
34 0
34 0
34 0
34 0
34 0
34 0
35 0
35 16
35 82
35 0
35 0
35 1
35 0
35 0
35 0
35 0
36 0
36 232
36 0
36 0
36 16
36 0
36 0
36 1
36 0
36 0
37 68
37 36
37 100
37 0
37 0
37 0
37 0
37 0
37 0
37 0
38 9
38 0
38 0
38 0
38 4
38 3
38 126
38 80
38 0
38 0
39 0
39 0
39 0
39 6
39 0
39 21
39 0
39 0
39 4
39 0
40 0
40 167
40 0
40 0
40 0
40 0
40 0
40 0
40 0
40 0
41 256
41 0
41 0
41 0
41 0
41 0
41 0
41 0
41 1
41 0
42 8
42 30
42 5
42 9
42 34
42 0
42 43
42 8
42 22
42 1
43 0
43 9
43 156
43 14
43 32
43 0
43 0
43 0
43 0
43 0
44 4
44 1
44 28
44 0
44 34
44 0
44 1
44 0
44 1
44 1
45 140
45 0
45 64
45 0
45 0
45 0
45 0
45 1
45 0
45 0
46 0
46 28
46 64
46 0
46 0
46 0
46 0
46 0
46 0
46 0
47 239
47 0
47 67
47 0
47 0
47 0
47 0
47 0
47 1
47 1
48 0
48 0
48 99
48 0
48 0
48 0
48 0
48 1
48 1
48 0
49 104
49 0
49 1
49 0
49 71
49 0
49 0
49 0
49 0
49 1
50 68
50 38
50 42
50 0
50 0
50 0
50 0
50 0
50 0
50 0
51 28
51 74
51 76
51 0
51 0
51 0
51 0
51 0
51 0
51 0
52 0
52 0
52 15
52 0
52 0
52 76
52 41
52 35
52 0
52 0
53 233
53 0
53 68
53 2
53 0
53 0
53 0
53 0
53 0
53 0
54 0
54 10
54 12
54 16
54 45
54 0
54 0
54 0
54 0
54 0
55 201
55 0
55 76
55 0
55 0
55 0
55 0
55 0
55 0
55 0
56 16
56 108
56 0
56 0
56 0
56 0
56 0
56 0
56 1
56 0
57 20
57 26
57 0
57 3
57 11
57 97
57 0
57 0
57 28
57 0
58 0
58 0
58 0
58 0
58 4
58 120
58 6
58 0
58 83
58 0
59 24
59 4
59 24
59 0
59 0
59 0
59 0
59 1
59 0
59 0
60 93
60 0
60 76
60 0
60 0
60 0
60 0
60 0
60 0
60 0
61 0
61 0
61 32
61 16
61 16
61 0
61 71
61 0
61 0
61 0
62 9
62 0
62 2
62 172
62 2
62 0
62 0
62 0
62 0
62 0
63 0
63 0
63 0
63 0
63 33
63 0
63 36
63 22
63 56
63 0
64 0
64 107
64 0
64 0
64 0
64 0
64 0
64 0
64 0
64 0
65 0
65 82
65 0
65 54
65 0
65 0
65 1
65 1
65 1
65 1
66 1
66 39
66 40
66 1
66 0
66 0
66 0
66 0
66 0
66 0
67 201
67 74
67 0
67 0
67 0
67 0
67 0
67 0
67 0
67 0
68 0
68 0
68 0
68 0
68 0
68 37
68 76
68 80
68 31
68 24
69 104
69 68
69 0
69 0
69 0
69 0
69 0
69 0
69 0
69 0
70 0
70 0
70 0
70 0
70 25
70 1
70 2
70 44
70 84
70 1
71 52
71 12
71 28
71 0
71 0
71 0
71 0
71 0
71 0
71 0
72 0
72 0
72 35
72 12
72 0
72 85
72 78
72 0
72 0
72 1
73 232
73 19
73 0
73 0
73 0
73 0
73 0
73 0
73 0
73 0
74 0
74 108
74 0
74 1
74 0
74 0
74 0
74 0
74 0
74 0
75 238
75 32
75 0
75 0
75 1
75 0
75 1
75 0
75 0
75 0
76 0
76 4
76 75
76 3
76 44
76 82
76 2
76 0
76 0
76 0
77 4
77 0
77 0
77 37
77 0
77 32
77 33
77 60
77 0
77 0
78 2
78 4
78 0
78 0
78 0
78 14
78 94
78 83
78 0
78 0
79 0
79 32
79 38
79 25
79 0
79 20
79 0
79 0
79 0
79 0
80 7
80 0
80 1
80 0
80 6
80 48
80 37
80 0
80 55
80 0
81 0
81 0
81 30
81 28
81 116
81 27
81 0
81 1
81 0
81 0
82 220
82 32
82 0
82 0
82 0
82 0
82 0
82 0
82 0
82 0
83 0
83 0
83 18
83 63
83 0
83 0
83 1
83 0
83 0
83 0
84 219
84 0
84 0
84 3
84 79
84 0
84 0
84 0
84 0
84 1
85 1
85 20
85 0
85 27
85 32
85 64
85 0
85 0
85 0
85 1
86 9
86 2
86 2
86 0
86 4
86 4
86 8
86 48
86 36
86 0
87 0
87 34
87 0
87 148
87 1
87 0
87 0
87 0
87 0
87 0
88 56
88 40
88 114
88 0
88 1
88 1
88 0
88 0
88 0
88 0
89 0
89 30
89 20
89 28
89 12
89 78
89 2
89 0
89 1
89 0
90 0
90 0
90 0
90 24
90 0
90 64
90 60
90 0
90 0
90 2
91 76
91 104
91 0
91 0
91 0
91 0
91 0
91 0
91 0
91 0
92 60
92 89
92 22
92 1
92 1
92 0
92 1
92 0
92 0
92 0
93 0
93 32
93 128
93 0
93 4
93 0
93 73
93 0
93 0
93 0
94 4
94 59
94 111
94 79
94 0
94 0
94 1
94 0
94 1
94 0
95 0
95 0
95 0
95 35
95 251
95 1
95 0
95 0
95 0
95 0
96 0
96 38
96 32
96 24
96 28
96 38
96 0
96 0
96 0
96 0
97 0
97 187
97 4
97 0
97 0
97 66
97 0
97 0
97 0
97 0
98 128
98 20
98 65
98 0
98 1
98 0
98 1
98 0
98 0
98 0
99 0
99 0
99 0
99 0
99 0
99 0
99 116
99 40
99 0
99 0
