0 1
0 0
0 0
0 0
0 0
0 1
0 72
0 68
0 134
0 0
0 0
0 1
0 0
0 0
0 0
0 0
0 0
0 0
0 0
0 0
0 0
0 0
0 0
0 0
0 0
0 0
0 0
0 0
0 0
0 0
0 0
0 0
0 1
0 0
0 1
0 204
0 0
0 0
0 56
0 45
0 40
0 44
0 0
0 0
0 0
0 0
0 0
0 0
0 0
0 0
1 0
1 0
1 0
1 0
1 0
1 0
1 29
1 29
1 56
1 24
1 96
1 20
1 0
1 0
1 0
1 0
1 0
1 0
1 0
1 0
1 1
1 1
1 1
1 0
1 0
1 0
1 0
1 1
1 0
1 0
1 0
1 0
1 0
1 0
1 0
1 0
1 1
1 0
1 1
1 0
1 0
1 0
1 33
1 0
1 0
1 1
1 0
1 0
1 36
1 252
2 0
2 0
2 0
2 0
2 0
2 74
2 0
2 80
2 0
2 16
2 76
2 0
2 0
2 1
2 0
2 1
2 0
2 1
2 0
2 0
2 0
2 1
2 0
2 0
2 0
2 2
2 0
2 0
2 0
2 0
2 0
2 0
2 0
2 0
2 0
2 1
2 0
2 0
2 0
2 197
2 0
2 0
2 0
2 31
2 2
2 140
2 60
2 0
2 1
2 0
3 0
3 0
3 0
3 0
3 0
3 1
3 228
3 31
3 1
3 0
3 0
3 1
3 0
3 0
3 0
3 0
3 0
3 0
3 0
3 0
3 0
3 0
3 0
3 0
3 0
3 0
3 0
3 0
3 0
3 0
3 0
3 0
3 0
3 0
3 2
3 0
3 0
3 23
3 0
3 100
3 0
3 0
3 0
3 1
3 141
3 49
3 20
3 0
3 0
3 0
4 0
4 0
4 0
4 0
4 0
4 41
4 20
4 75
4 0
4 77
4 0
4 0
4 0
4 0
4 0
4 0
4 1
4 0
4 1
4 0
4 0
4 0
4 0
4 0
4 0
4 0
4 0
4 0
4 1
4 0
4 0
4 0
4 0
4 1
4 0
4 0
4 0
4 0
4 0
4 0
4 0
4 0
4 185
4 0
4 0
4 70
4 110
4 0
4 40
4 0
5 0
5 1
5 0
5 0
5 0
5 0
5 0
5 78
5 61
5 24
5 44
5 76
5 0
5 0
5 1
5 0
5 0
5 0
5 0
5 0
5 0
5 0
5 2
5 0
5 0
5 0
5 0
5 0
5 1
5 0
5 0
5 1
5 1
5 0
5 0
5 0
5 0
5 1
5 0
5 0
5 42
5 0
5 40
5 28
5 0
5 0
5 0
5 1
5 18
5 187
6 0
6 0
6 0
6 0
6 0
6 38
6 88
6 148
6 20
6 0
6 0
6 0
6 0
6 0
6 0
6 0
6 0
6 0
6 0
6 0
6 0
6 1
6 1
6 0
6 0
6 0
6 0
6 0
6 0
6 0
6 1
6 0
6 1
6 1
6 0
6 0
6 1
6 0
6 0
6 0
6 0
6 0
6 40
6 1
6 0
6 118
6 0
6 0
6 74
6 28
7 0
7 0
7 1
7 0
7 0
7 1
7 0
7 28
7 44
7 108
7 29
7 36
7 10
7 0
7 1
7 0
7 1
7 1
7 0
7 2
7 0
7 1
7 0
7 0
7 1
7 0
7 1
7 0
7 1
7 0
7 0
7 0
7 0
7 0
7 0
7 1
7 0
7 1
7 0
7 0
7 27
7 0
7 0
7 29
7 69
7 13
7 84
7 0
7 0
7 0
8 0
8 0
8 1
8 0
8 0
8 0
8 0
8 16
8 57
8 22
8 146
8 0
8 0
8 0
8 1
8 0
8 0
8 0
8 0
8 0
8 0
8 0
8 0
8 0
8 0
8 0
8 0
8 0
8 0
8 0
8 1
8 0
8 0
8 0
8 1
8 0
8 16
8 4
8 134
8 0
8 0
8 0
8 0
8 43
8 53
8 14
8 36
8 0
8 10
8 0
9 0
9 0
9 0
9 0
9 1
9 0
9 23
9 44
9 0
9 20
9 20
9 68
9 0
9 0
9 0
9 0
9 0
9 1
9 0
9 1
9 0
9 1
9 0
9 1
9 0
9 0
9 0
9 0
9 0
9 0
9 0
9 1
9 0
9 0
9 1
9 0
9 0
9 0
9 1
9 0
9 39
9 1
9 44
9 52
9 0
9 0
9 0
9 0
9 44
9 240
10 1
10 0
10 0
10 0
10 0
10 0
10 18
10 33
10 82
10 141
10 0
10 0
10 1
10 0
10 0
10 0
10 0
10 0
10 0
10 0
10 1
10 0
10 0
10 0
10 0
10 0
10 0
10 0
10 0
10 0
10 1
10 1
10 1
10 0
10 0
10 0
10 1
10 152
10 0
10 0
10 22
10 0
10 42
10 48
10 100
10 17
10 0
10 0
10 0
10 0
11 0
11 0
11 0
11 0
11 0
11 0
11 1
11 0
11 0
11 0
11 29
11 0
11 52
11 29
11 72
11 20
11 0
11 0
11 0
11 0
11 0
11 0
11 0
11 0
11 0
11 0
11 1
11 0
11 0
11 0
11 0
11 0
11 1
11 0
11 0
11 0
11 0
11 0
11 0
11 0
11 0
11 1
11 0
11 1
11 1
11 46
11 0
11 40
11 54
11 1
12 0
12 0
12 0
12 0
12 0
12 35
12 26
12 91
12 136
12 0
12 0
12 0
12 2
12 0
12 0
12 0
12 1
12 0
12 0
12 0
12 0
12 0
12 0
12 0
12 0
12 0
12 0
12 0
12 0
12 1
12 0
12 0
12 0
12 0
12 0
12 0
12 16
12 1
12 100
12 0
12 1
12 0
12 94
12 25
12 32
12 0
12 0
12 24
12 22
12 1
13 0
13 0
13 0
13 0
13 0
13 36
13 0
13 104
13 30
13 25
13 33
13 2
13 0
13 0
13 0
13 0
13 0
13 0
13 0
13 0
13 0
13 1
13 0
13 1
13 0
13 0
13 0
13 0
13 0
13 0
13 1
13 0
13 0
13 1
13 0
13 2
13 1
13 0
13 0
13 47
13 4
13 125
13 0
13 0
13 79
13 95
13 39
13 0
13 0
13 0
14 0
14 0
14 0
14 0
14 0
14 46
14 16
14 94
14 0
14 91
14 12
14 0
14 0
14 0
14 0
14 0
14 0
14 0
14 1
14 1
14 0
14 2
14 0
14 0
14 0
14 1
14 0
14 0
14 1
14 0
14 0
14 1
14 0
14 0
14 1
14 0
14 0
14 0
14 3
14 44
14 0
14 0
14 59
14 92
14 32
14 36
14 0
14 0
14 0
14 0
15 0
15 0
15 0
15 1
15 0
15 1
15 36
15 10
15 36
15 162
15 0
15 0
15 0
15 0
15 0
15 0
15 0
15 0
15 0
15 0
15 1
15 0
15 0
15 0
15 0
15 0
15 0
15 0
15 1
15 0
15 0
15 0
15 0
15 0
15 0
15 0
15 0
15 0
15 0
15 15
15 0
15 1
15 0
15 33
15 57
15 46
15 1
15 70
15 0
15 0
16 0
16 1
16 1
16 0
16 0
16 0
16 8
16 80
16 0
16 127
16 1
16 0
16 0
16 0
16 1
16 0
16 0
16 0
16 0
16 0
16 0
16 0
16 0
16 0
16 0
16 1
16 1
16 0
16 0
16 0
16 0
16 0
16 0
16 0
16 1
16 100
16 19
16 0
16 0
16 0
16 0
16 61
16 53
16 40
16 35
16 38
16 0
16 0
16 0
16 0
17 0
17 0
17 0
17 0
17 0
17 0
17 30
17 35
17 52
17 126
17 0
17 1
17 0
17 0
17 0
17 0
17 0
17 0
17 0
17 0
17 0
17 0
17 0
17 0
17 0
17 1
17 0
17 0
17 0
17 0
17 0
17 1
17 0
17 2
17 0
17 1
17 0
17 0
17 0
17 66
17 0
17 88
17 55
17 42
17 0
17 10
17 1
17 0
17 0
17 0
18 0
18 1
18 1
18 0
18 0
18 86
18 48
18 22
18 84
18 12
18 0
18 0
18 0
18 0
18 1
18 0
18 0
18 0
18 1
18 0
18 0
18 1
18 0
18 0
18 0
18 0
18 0
18 0
18 1
18 0
18 0
18 0
18 0
18 0
18 0
18 0
18 0
18 31
18 0
18 1
18 0
18 70
18 88
18 0
18 53
18 0
18 1
18 0
18 0
18 0
19 0
19 1
19 0
19 0
19 0
19 26
19 0
19 76
19 29
19 28
19 72
19 0
19 0
19 0
19 1
19 0
19 0
19 0
19 0
19 0
19 1
19 0
19 0
19 0
19 0
19 0
19 1
19 0
19 1
19 0
19 0
19 1
19 2
19 1
19 1
19 0
19 0
19 0
19 0
19 193
19 0
19 0
19 0
19 49
19 28
19 49
19 28
19 94
19 0
19 0
20 0
20 0
20 0
20 1
20 0
20 0
20 42
20 0
20 26
20 210
20 8
20 0
20 0
20 0
20 0
20 0
20 0
20 1
20 0
20 0
20 0
20 0
20 0
20 0
20 0
20 1
20 0
20 0
20 0
20 0
20 0
20 0
20 1
20 0
20 0
20 0
20 0
20 0
20 0
20 0
20 0
20 183
20 1
20 0
20 1
20 162
20 32
20 16
20 0
20 0
21 0
21 0
21 0
21 0
21 1
21 2
21 133
21 0
21 68
21 26
21 0
21 0
21 0
21 0
21 0
21 0
21 1
21 0
21 0
21 0
21 0
21 0
21 0
21 0
21 0
21 0
21 0
21 0
21 0
21 0
21 0
21 0
21 0
21 1
21 0
21 0
21 6
21 31
21 0
21 16
21 59
21 3
21 1
21 18
21 4
21 0
21 32
21 82
21 78
21 0
22 0
22 0
22 0
22 0
22 0
22 0
22 32
22 24
22 59
22 14
22 140
22 0
22 0
22 0
22 1
22 0
22 1
22 0
22 0
22 0
22 0
22 2
22 0
22 0
22 0
22 0
22 2
22 0
22 1
22 0
22 0
22 0
22 1
22 0
22 0
22 0
22 0
22 0
22 0
22 0
22 176
22 0
22 0
22 0
22 0
22 26
22 144
22 0
22 39
22 28
23 0
23 0
23 1
23 1
23 1
23 0
23 0
23 132
23 0
23 0
23 139
23 1
23 0
23 0
23 0
23 1
23 0
23 0
23 0
23 0
23 0
23 0
23 0
23 0
23 0
23 0
23 0
23 0
23 0
23 0
23 0
23 0
23 0
23 0
23 1
23 0
23 0
23 0
23 1
23 7
23 26
23 0
23 0
23 91
23 0
23 48
23 92
23 32
23 28
23 0
24 0
24 0
24 0
24 0
24 0
24 67
24 77
24 4
24 68
24 0
24 0
24 0
24 0
24 0
24 0
24 0
24 0
24 0
24 0
24 0
24 0
24 1
24 0
24 0
24 0
24 0
24 1
24 1
24 0
24 0
24 0
24 0
24 0
24 1
24 0
24 0
24 0
24 183
24 0
24 1
24 0
24 0
24 0
24 0
24 152
24 43
24 32
24 0
24 0
24 0
25 0
25 0
25 1
25 0
25 0
25 0
25 0
25 136
25 21
25 118
25 20
25 0
25 0
25 0
25 0
25 0
25 0
25 0
25 0
25 0
25 1
25 0
25 0
25 0
25 1
25 0
25 0
25 0
25 0
25 1
25 0
25 0
25 0
25 1
25 0
25 1
25 0
25 0
25 0
25 104
25 72
25 0
25 1
25 0
25 2
25 46
25 96
25 0
25 45
25 13
26 1
26 0
26 0
26 0
26 1
26 0
26 0
26 119
26 1
26 107
26 26
26 1
26 0
26 0
26 0
26 0
26 0
26 0
26 0
26 0
26 0
26 0
26 0
26 0
26 0
26 1
26 0
26 0
26 0
26 1
26 1
26 0
26 0
26 0
26 0
26 1
26 0
26 0
26 12
26 1
26 0
26 0
26 34
26 2
26 99
26 52
26 70
26 0
26 0
26 0
27 1
27 0
27 0
27 1
27 0
27 0
27 40
27 0
27 30
27 89
27 0
27 0
27 104
27 0
27 0
27 0
27 1
27 0
27 0
27 0
27 0
27 0
27 0
27 1
27 0
27 0
27 0
27 0
27 0
27 0
27 0
27 0
27 0
27 0
27 0
27 0
27 0
27 23
27 2
27 126
27 0
27 0
27 66
27 50
27 139
27 0
27 0
27 0
27 0
27 0
28 0
28 0
28 0
28 1
28 0
28 0
28 0
28 0
28 0
28 1
28 31
28 0
28 46
28 6
28 66
28 34
28 15
28 0
28 0
28 0
28 0
28 0
28 0
28 0
28 0
28 1
28 0
28 0
28 0
28 0
28 0
28 1
28 0
28 0
28 0
28 0
28 1
28 0
28 0
28 2
28 1
28 1
28 0
28 0
28 15
28 0
28 0
28 0
28 67
28 78
29 1
29 0
29 1
29 1
29 0
29 23
29 18
29 98
29 64
29 28
29 0
29 0
29 0
29 0
29 2
29 1
29 1
29 0
29 0
29 0
29 1
29 0
29 1
29 0
29 0
29 0
29 0
29 0
29 1
29 0
29 0
29 0
29 0
29 0
29 0
29 0
29 0
29 0
29 0
29 1
29 59
29 120
29 0
29 0
29 1
29 0
29 0
29 44
29 111
29 20
30 0
30 0
30 1
30 0
30 0
30 0
30 158
30 0
30 11
30 100
30 0
30 0
30 0
30 0
30 1
30 0
30 0
30 0
30 0
30 0
30 0
30 0
30 0
30 1
30 2
30 0
30 0
30 1
30 0
30 0
30 1
30 0
30 0
30 0
30 0
30 0
30 1
30 0
30 0
30 60
30 1
30 0
30 0
30 0
30 2
30 76
30 19
30 41
30 16
30 0
31 0
31 1
31 0
31 0
31 0
31 2
31 0
31 10
31 0
31 44
31 5
31 36
31 36
31 10
31 0
31 0
31 0
31 1
31 0
31 3
31 0
31 0
31 0
31 0
31 0
31 0
31 0
31 0
31 0
31 0
31 0
31 0
31 0
31 1
31 0
31 0
31 0
31 40
31 0
31 0
31 0
31 46
31 71
31 28
31 39
31 0
31 0
31 0
31 0
31 0
32 1
32 0
32 1
32 0
32 16
32 139
32 58
32 0
32 0
32 1
32 0
32 0
32 0
32 0
32 0
32 0
32 0
32 0
32 0
32 1
32 0
32 1
32 0
32 0
32 0
32 0
32 0
32 0
32 0
32 0
32 0
32 0
32 170
32 0
32 22
32 30
32 55
32 44
32 48
32 24
32 0
32 0
32 1
32 0
32 1
32 0
32 0
32 0
32 0
32 0
33 0
33 0
33 0
33 0
33 50
33 102
33 156
33 0
33 0
33 0
33 0
33 0
33 0
33 1
33 4
33 0
33 0
33 1
33 0
33 0
33 0
33 0
33 1
33 1
33 0
33 0
33 0
33 1
33 1
33 1
33 0
33 0
33 1
33 0
33 1
33 12
33 2
33 1
33 255
33 36
33 0
33 0
33 0
33 0
33 0
33 0
33 1
33 0
33 0
33 0
34 0
34 0
34 0
34 0
34 0
34 1
34 50
34 14
34 43
34 12
34 108
34 24
34 0
34 0
34 0
34 0
34 0
34 0
34 0
34 1
34 0
34 0
34 0
34 0
34 0
34 0
34 1
34 0
34 0
34 0
34 0
34 0
34 0
34 0
34 0
34 0
34 0
34 0
34 0
34 0
34 1
34 0
34 190
34 0
34 0
34 0
34 85
34 73
34 78
34 0
35 0
35 0
35 0
35 1
35 0
35 36
35 91
35 32
35 110
35 0
35 0
35 0
35 0
35 0
35 0
35 0
35 1
35 1
35 0
35 0
35 1
35 0
35 0
35 1
35 0
35 0
35 0
35 1
35 1
35 1
35 0
35 0
35 2
35 0
35 31
35 0
35 0
35 1
35 0
35 24
35 0
35 0
35 41
35 24
35 14
35 96
35 0
35 0
35 0
35 0
36 0
36 0
36 1
36 0
36 0
36 0
36 45
36 31
36 0
36 16
36 60
36 76
36 0
36 0
36 0
36 0
36 1
36 0
36 0
36 0
36 1
36 0
36 1
36 0
36 0
36 0
36 0
36 1
36 0
36 0
36 0
36 1
36 0
36 0
36 0
36 0
36 0
36 0
36 0
36 0
36 0
36 21
36 5
36 69
36 0
36 1
36 1
36 0
36 2
36 0
37 0
37 0
37 0
37 0
37 0
37 175
37 2
37 84
37 16
37 0
37 0
37 0
37 0
37 0
37 0
37 0
37 0
37 1
37 0
37 1
37 0
37 0
37 1
37 0
37 0
37 0
37 0
37 1
37 0
37 0
37 0
37 1
37 0
37 0
37 0
37 0
37 0
37 0
37 0
37 0
37 47
37 96
37 0
37 0
37 0
37 0
37 0
37 32
37 108
37 88
38 0
38 0
38 0
38 0
38 1
38 37
38 3
38 4
38 0
38 24
38 0
38 1
38 22
38 30
38 8
38 0
38 0
38 0
38 0
38 0
38 0
38 0
38 0
38 0
38 1
38 0
38 0
38 0
38 1
38 0
38 0
38 0
38 0
38 0
38 0
38 0
38 0
38 0
38 0
38 0
38 0
38 0
38 0
38 0
38 1
38 0
38 42
38 56
38 44
38 0
39 1
39 0
39 0
39 0
39 0
39 34
39 285
39 0
39 0
39 0
39 1
39 0
39 0
39 0
39 0
39 0
39 0
39 0
39 0
39 1
39 0
39 0
39 0
39 0
39 1
39 0
39 0
39 0
39 0
39 0
39 1
39 0
39 0
39 0
39 0
39 0
39 0
39 166
39 0
39 0
39 35
39 0
39 159
39 37
39 30
39 0
39 0
39 0
39 0
39 0
40 0
40 0
40 0
40 0
40 0
40 0
40 57
40 48
40 22
40 114
40 20
40 0
40 0
40 0
40 1
40 0
40 0
40 0
40 7
40 1
40 0
40 1
40 0
40 2
40 0
40 0
40 0
40 0
40 0
40 1
40 0
40 1
40 0
40 0
40 0
40 0
40 0
40 199
40 0
40 0
40 0
40 8
40 203
40 0
40 0
40 0
40 0
40 1
40 0
40 0
41 0
41 0
41 1
41 0
41 0
41 1
41 20
41 0
41 92
41 146
41 0
41 0
41 0
41 0
41 0
41 0
41 1
41 0
41 0
41 0
41 0
41 0
41 0
41 1
41 0
41 0
41 0
41 0
41 0
41 1
41 0
41 0
41 0
41 0
41 0
41 0
41 0
41 2
41 0
41 0
41 1
41 37
41 0
41 2
41 38
41 28
41 43
41 36
41 36
41 0
42 0
42 0
42 0
42 0
42 0
42 32
42 37
42 200
42 27
42 0
42 1
42 0
42 1
42 0
42 0
42 0
42 2
42 0
42 0
42 0
42 0
42 1
42 0
42 0
42 0
42 0
42 0
42 0
42 0
42 1
42 0
42 0
42 0
42 0
42 0
42 0
42 0
42 0
42 166
42 1
42 1
42 0
42 76
42 102
42 0
42 44
42 26
42 0
42 0
42 0
43 0
43 0
43 0
43 0
43 0
43 0
43 35
43 12
43 65
43 12
43 0
43 21
43 62
43 11
43 0
43 0
43 0
43 0
43 0
43 0
43 0
43 0
43 0
43 0
43 0
43 0
43 0
43 0
43 0
43 0
43 0
43 0
43 1
43 0
43 0
43 0
43 0
43 0
43 0
43 0
43 0
43 0
43 44
43 0
43 8
43 68
43 0
43 0
43 0
43 33
44 1
44 1
44 1
44 2
44 0
44 0
44 0
44 34
44 90
44 143
44 0
44 0
44 0
44 1
44 0
44 0
44 0
44 0
44 0
44 0
44 0
44 0
44 0
44 1
44 0
44 0
44 1
44 0
44 1
44 0
44 0
44 0
44 1
44 0
44 0
44 0
44 0
44 0
44 0
44 0
44 0
44 0
44 0
44 0
44 167
44 1
44 0
44 2
44 154
44 47
45 0
45 0
45 0
45 1
45 1
45 1
45 0
45 0
45 0
45 48
45 21
45 47
45 30
45 13
45 0
45 0
45 0
45 1
45 0
45 1
45 0
45 0
45 1
45 0
45 0
45 0
45 0
45 0
45 0
45 0
45 0
45 0
45 1
45 0
45 1
45 0
45 1
45 0
45 0
45 0
45 50
45 0
45 0
45 44
45 75
45 0
45 0
45 0
45 9
45 0
46 0
46 0
46 0
46 2
46 0
46 0
46 135
46 128
46 0
46 0
46 0
46 0
46 0
46 0
46 0
46 0
46 0
46 0
46 0
46 1
46 0
46 0
46 0
46 0
46 0
46 0
46 0
46 0
46 0
46 0
46 0
46 1
46 2
46 40
46 1
46 1
46 0
46 0
46 20
46 0
46 3
46 22
46 88
46 83
46 0
46 0
46 0
46 0
46 0
46 0
47 0
47 2
47 0
47 0
47 42
47 22
47 0
47 32
47 25
47 77
47 21
47 0
47 0
47 0
47 0
47 0
47 2
47 0
47 0
47 0
47 0
47 0
47 1
47 0
47 2
47 0
47 0
47 0
47 0
47 0
47 0
47 0
47 0
47 1
47 0
47 1
47 0
47 0
47 1
47 27
47 1
47 50
47 61
47 0
47 0
47 0
47 68
47 52
47 48
47 35
48 1
48 1
48 0
48 0
48 0
48 0
48 0
48 46
48 100
48 27
48 0
48 1
48 0
48 0
48 0
48 0
48 1
48 0
48 0
48 1
48 0
48 0
48 0
48 1
48 0
48 2
48 1
48 0
48 0
48 0
48 0
48 1
48 0
48 1
48 0
48 0
48 171
48 0
48 1
48 0
48 1
48 0
48 244
48 0
48 0
48 0
48 0
48 0
48 0
48 0
49 0
49 0
49 0
49 0
49 0
49 2
49 35
49 0
49 32
49 83
49 140
49 0
49 0
49 0
49 0
49 0
49 0
49 0
49 0
49 0
49 0
49 1
49 0
49 0
49 0
49 0
49 0
49 0
49 0
49 0
49 0
49 0
49 0
49 0
49 0
49 0
49 2
49 0
49 0
49 0
49 15
49 107
49 22
49 0
49 0
49 1
49 1
49 37
49 166
49 27
50 0
50 0
50 0
50 0
50 1
50 40
50 0
50 86
50 100
50 13
50 0
50 0
50 0
50 0
50 0
50 0
50 2
50 0
50 0
50 1
50 1
50 0
50 0
50 2
50 1
50 1
50 0
50 0
50 1
50 0
50 0
50 0
50 0
50 1
50 0
50 0
50 0
50 0
50 0
50 0
50 1
50 201
50 0
50 0
50 0
50 0
50 5
50 247
50 0
50 0
51 0
51 2
51 0
51 0
51 1
51 1
51 0
51 136
51 0
51 55
51 1
51 0
51 0
51 0
51 0
51 0
51 0
51 0
51 0
51 0
51 0
51 0
51 0
51 0
51 0
51 0
51 1
51 0
51 0
51 0
51 0
51 0
51 0
51 1
51 0
51 0
51 0
51 0
51 16
51 30
51 0
51 1
51 25
51 108
51 4
51 47
51 0
51 28
51 0
51 0
52 0
52 0
52 0
52 0
52 0
52 36
52 11
52 220
52 0
52 0
52 0
52 1
52 1
52 0
52 0
52 0
52 0
52 0
52 0
52 0
52 0
52 0
52 0
52 0
52 0
52 0
52 0
52 0
52 0
52 0
52 1
52 0
52 0
52 0
52 196
52 0
52 1
52 0
52 0
52 0
52 32
52 114
52 24
52 28
52 0
52 0
52 0
52 0
52 0
52 0
53 0
53 0
53 0
53 0
53 0
53 0
53 0
53 26
53 26
53 90
53 0
53 98
53 0
53 0
53 0
53 1
53 0
53 0
53 0
53 0
53 0
53 1
53 1
53 0
53 0
53 1
53 0
53 0
53 1
53 0
53 0
53 0
53 0
53 0
53 2
53 1
53 0
53 0
53 0
53 0
53 1
53 0
53 52
53 0
53 0
53 0
53 33
53 76
53 104
53 0
54 1
54 1
54 1
54 0
54 0
54 0
54 6
54 1
54 16
54 148
54 0
54 0
54 0
54 0
54 0
54 0
54 0
54 1
54 0
54 0
54 0
54 0
54 1
54 0
54 0
54 0
54 1
54 0
54 0
54 0
54 0
54 0
54 0
54 1
54 0
54 0
54 0
54 198
54 0
54 0
54 27
54 53
54 100
54 49
54 2
54 0
54 1
54 0
54 1
54 1
55 1
55 0
55 0
55 1
55 0
55 22
55 30
55 43
55 24
55 41
55 32
55 1
55 1
55 0
55 0
55 0
55 0
55 0
55 0
55 0
55 1
55 0
55 0
55 0
55 0
55 0
55 0
55 0
55 0
55 0
55 0
55 0
55 0
55 0
55 0
55 0
55 7
55 19
55 88
55 0
55 1
55 0
55 143
55 41
55 18
55 0
55 0
55 0
55 0
55 0
56 0
56 1
56 1
56 0
56 0
56 56
56 36
56 115
56 2
56 0
56 0
56 1
56 0
56 0
56 0
56 0
56 0
56 0
56 0
56 0
56 0
56 0
56 0
56 1
56 0
56 0
56 0
56 0
56 0
56 1
56 2
56 1
56 0
56 0
56 0
56 0
56 0
56 0
56 25
56 0
56 0
56 122
56 0
56 155
56 34
56 27
56 33
56 5
56 0
56 0
57 1
57 0
57 0
57 0
57 1
57 43
57 2
57 26
57 2
57 114
57 16
57 0
57 0
57 0
57 1
57 1
57 2
57 0
57 0
57 0
57 0
57 1
57 0
57 0
57 1
57 0
57 0
57 0
57 1
57 0
57 0
57 0
57 0
57 1
57 0
57 1
57 0
57 0
57 0
57 200
57 1
57 0
57 1
57 205
57 22
57 0
57 1
57 0
57 0
57 0
58 0
58 0
58 0
58 0
58 18
58 92
58 95
58 34
58 18
58 0
58 0
58 0
58 0
58 0
58 0
58 0
58 0
58 0
58 0
58 1
58 0
58 0
58 0
58 0
58 0
58 0
58 0
58 0
58 0
58 1
58 0
58 0
58 0
58 0
58 0
58 108
58 63
58 1
58 0
58 1
58 10
58 37
58 88
58 76
58 0
58 0
58 0
58 0
58 0
58 0
59 0
59 0
59 0
59 0
59 0
59 38
59 0
59 67
59 0
59 52
59 24
59 0
59 0
59 0
59 0
59 0
59 0
59 0
59 0
59 0
59 0
59 1
59 1
59 0
59 0
59 0
59 0
59 0
59 0
59 0
59 0
59 0
59 1
59 0
59 1
59 186
59 0
59 0
59 0
59 3
59 0
59 27
59 119
59 0
59 0
59 0
59 0
59 0
59 0
59 0
60 0
60 0
60 0
60 0
60 72
60 234
60 0
60 0
60 1
60 0
60 0
60 1
60 0
60 0
60 0
60 0
60 0
60 0
60 0
60 0
60 0
60 0
60 1
60 0
60 0
60 0
60 1
60 1
60 0
60 0
60 0
60 0
60 1
60 0
60 0
60 0
60 0
60 1
60 0
60 52
60 2
60 0
60 0
60 93
60 98
60 86
60 0
60 0
60 0
60 1
61 1
61 0
61 1
61 0
61 0
61 14
61 24
61 39
61 0
61 28
61 20
61 38
61 0
61 0
61 1
61 0
61 0
61 0
61 0
61 0
61 0
61 0
61 0
61 0
61 2
61 1
61 0
61 0
61 0
61 0
61 0
61 0
61 0
61 0
61 1
61 0
61 0
61 0
61 0
61 196
61 0
61 0
61 2
61 0
61 33
61 110
61 76
61 0
61 1
61 0
62 0
62 0
62 1
62 0
62 1
62 0
62 28
62 60
62 1
62 114
62 22
62 1
62 0
62 1
62 0
62 0
62 0
62 0
62 0
62 0
62 0
62 0
62 0
62 0
62 1
62 0
62 0
62 0
62 0
62 1
62 0
62 0
62 0
62 0
62 0
62 0
62 0
62 0
62 27
62 0
62 0
62 0
62 62
62 21
62 46
62 67
62 0
62 0
62 1
62 0
63 0
63 0
63 0
63 0
63 1
63 85
63 61
63 23
63 78
63 0
63 0
63 0
63 0
63 0
63 0
63 0
63 0
63 0
63 0
63 0
63 0
63 0
63 0
63 0
63 0
63 0
63 0
63 0
63 0
63 1
63 0
63 0
63 1
63 0
63 199
63 0
63 0
63 1
63 32
63 38
63 96
63 0
63 16
63 24
63 0
63 0
63 0
63 0
63 0
63 0
64 0
64 1
64 0
64 0
64 0
64 24
64 28
64 0
64 82
64 0
64 56
64 38
64 29
64 1
64 0
64 0
64 0
64 0
64 0
64 1
64 0
64 0
64 0
64 0
64 0
64 0
64 0
64 0
64 0
64 1
64 0
64 0
64 1
64 0
64 0
64 1
64 0
64 0
64 0
64 0
64 0
64 0
64 0
64 8
64 0
64 0
64 0
64 129
64 0
64 0
65 0
65 0
65 1
65 0
65 0
65 68
65 60
65 20
65 128
65 0
65 0
65 0
65 0
65 0
65 0
65 0
65 1
65 0
65 0
65 0
65 1
65 0
65 0
65 0
65 0
65 0
65 0
65 0
65 0
65 0
65 0
65 1
65 1
65 50
65 0
65 28
65 56
65 0
65 0
65 1
65 24
65 3
65 22
65 0
65 88
65 1
65 16
65 0
65 0
65 0
66 0
66 0
66 1
66 0
66 0
66 78
66 42
66 100
66 24
66 0
66 0
66 0
66 1
66 1
66 0
66 1
66 0
66 1
66 1
66 0
66 1
66 1
66 0
66 1
66 0
66 0
66 0
66 1
66 0
66 1
66 0
66 0
66 0
66 0
66 32
66 135
66 1
66 0
66 36
66 98
66 38
66 84
66 0
66 0
66 0
66 0
66 0
66 0
66 0
66 0
67 0
67 1
67 0
67 0
67 1
67 29
67 20
67 1
67 18
67 0
67 138
67 0
67 0
67 0
67 0
67 0
67 0
67 0
67 1
67 0
67 1
67 0
67 0
67 0
67 2
67 0
67 0
67 0
67 1
67 0
67 0
67 0
67 0
67 1
67 0
67 0
67 0
67 0
67 0
67 2
67 0
67 0
67 23
67 0
67 50
67 48
67 1
67 1
67 0
67 35
68 1
68 0
68 0
68 0
68 44
68 31
68 156
68 26
68 4
68 0
68 0
68 1
68 0
68 0
68 1
68 0
68 0
68 0
68 0
68 0
68 1
68 0
68 1
68 0
68 0
68 0
68 0
68 0
68 0
68 1
68 0
68 0
68 49
68 5
68 0
68 0
68 2
68 0
68 30
68 103
68 28
68 20
68 0
68 0
68 0
68 0
68 0
68 0
68 0
68 0
69 0
69 0
69 1
69 2
69 0
69 1
69 0
69 56
69 0
69 16
69 124
69 0
69 0
69 0
69 2
69 0
69 0
69 0
69 1
69 0
69 0
69 0
69 0
69 1
69 0
69 0
69 0
69 0
69 0
69 1
69 1
69 0
69 0
69 0
69 0
69 0
69 0
69 0
69 0
69 0
69 10
69 0
69 20
69 65
69 1
69 0
69 42
69 0
69 0
69 150
70 0
70 0
70 0
70 1
70 0
70 1
70 18
70 10
70 71
70 157
70 0
70 0
70 0
70 0
70 1
70 0
70 0
70 0
70 0
70 0
70 1
70 0
70 0
70 0
70 0
70 1
70 1
70 0
70 0
70 0
70 1
70 0
70 0
70 0
70 204
70 0
70 0
70 1
70 12
70 54
70 56
70 16
70 53
70 0
70 0
70 0
70 0
70 0
70 0
70 0
71 0
71 0
71 1
71 0
71 0
71 0
71 58
71 0
71 0
71 40
71 30
71 0
71 0
71 1
71 2
71 1
71 1
71 0
71 0
71 0
71 0
71 0
71 0
71 0
71 0
71 0
71 0
71 1
71 0
71 0
71 0
71 0
71 0
71 0
71 1
71 0
71 0
71 0
71 45
71 118
71 0
71 0
71 0
71 92
71 103
71 46
71 23
71 1
71 1
71 0
72 0
72 0
72 0
72 2
72 0
72 0
72 60
72 92
72 110
72 18
72 0
72 0
72 0
72 0
72 1
72 0
72 0
72 0
72 0
72 0
72 1
72 0
72 0
72 2
72 0
72 0
72 0
72 0
72 0
72 1
72 0
72 0
72 0
72 0
72 0
72 0
72 0
72 17
72 0
72 12
72 67
72 0
72 1
72 0
72 128
72 19
72 26
72 0
72 0
72 0
73 0
73 1
73 1
73 0
73 0
73 28
73 0
73 0
73 58
73 21
73 28
73 115
73 0
73 0
73 0
73 0
73 0
73 0
73 0
73 2
73 0
73 0
73 0
73 0
73 0
73 0
73 0
73 0
73 0
73 0
73 0
73 0
73 0
73 1
73 0
73 0
73 0
73 0
73 195
73 0
73 0
73 0
73 154
73 40
73 0
73 20
73 31
73 0
73 0
73 0
74 0
74 0
74 0
74 0
74 0
74 0
74 0
74 164
74 1
74 13
74 0
74 71
74 0
74 0
74 0
74 0
74 1
74 0
74 0
74 0
74 0
74 0
74 0
74 0
74 0
74 0
74 1
74 3
74 0
74 0
74 0
74 0
74 0
74 0
74 0
74 0
74 0
74 0
74 0
74 0
74 0
74 0
74 8
74 0
74 0
74 0
74 16
74 0
74 166
74 91
75 0
75 0
75 0
75 1
75 0
75 0
75 0
75 44
75 60
75 29
75 50
75 18
75 0
75 1
75 0
75 0
75 0
75 0
75 1
75 0
75 0
75 0
75 0
75 0
75 0
75 0
75 0
75 1
75 0
75 0
75 0
75 0
75 1
75 1
75 0
75 0
75 0
75 0
75 0
75 0
75 0
75 189
75 0
75 1
75 6
75 14
75 54
75 95
75 17
75 25
76 0
76 0
76 1
76 0
76 0
76 44
76 6
76 0
76 34
76 104
76 16
76 0
76 0
76 0
76 1
76 0
76 1
76 0
76 0
76 0
76 0
76 1
76 0
76 1
76 0
76 0
76 0
76 0
76 1
76 0
76 0
76 0
76 1
76 0
76 0
76 0
76 0
76 0
76 0
76 0
76 0
76 23
76 0
76 110
76 0
76 0
76 0
76 0
76 214
76 31
77 0
77 0
77 1
77 0
77 0
77 1
77 16
77 57
77 12
77 0
77 20
77 34
77 18
77 1
77 0
77 0
77 1
77 0
77 0
77 0
77 0
77 0
77 0
77 0
77 0
77 0
77 0
77 0
77 0
77 1
77 0
77 0
77 0
77 0
77 0
77 0
77 0
77 0
77 1
77 0
77 1
77 60
77 32
77 57
77 0
77 0
77 0
77 0
77 49
77 88
78 0
78 0
78 0
78 0
78 1
78 0
78 1
78 0
78 57
78 220
78 0
78 0
78 0
78 0
78 0
78 0
78 0
78 0
78 0
78 0
78 0
78 0
78 0
78 0
78 0
78 0
78 1
78 1
78 0
78 0
78 0
78 0
78 0
78 0
78 0
78 0
78 0
78 0
78 190
78 0
78 0
78 0
78 172
78 19
78 34
78 0
78 1
78 0
78 0
78 0
79 1
79 0
79 0
79 1
79 0
79 86
79 94
79 92
79 28
79 0
79 0
79 0
79 0
79 0
79 0
79 0
79 0
79 0
79 0
79 0
79 0
79 0
79 0
79 0
79 0
79 0
79 0
79 1
79 0
79 0
79 0
79 0
79 1
79 0
79 36
79 0
79 1
79 38
79 0
79 0
79 49
79 15
79 88
79 0
79 0
79 0
79 0
79 0
79 0
79 0
80 0
80 0
80 0
80 0
80 1
80 0
80 0
80 76
80 85
80 0
80 0
80 0
80 0
80 0
80 0
80 0
80 1
80 0
80 0
80 0
80 0
80 1
80 1
80 0
80 0
80 0
80 0
80 1
80 0
80 0
80 1
80 0
80 0
80 0
80 0
80 192
80 0
80 0
80 0
80 56
80 150
80 0
80 0
80 0
80 1
80 0
80 0
80 0
80 0
80 0
81 1
81 0
81 1
81 0
81 0
81 0
81 14
81 36
81 74
81 1
81 68
81 30
81 0
81 2
81 0
81 0
81 0
81 0
81 0
81 0
81 1
81 0
81 0
81 0
81 0
81 0
81 1
81 0
81 1
81 0
81 0
81 0
81 0
81 0
81 0
81 0
81 0
81 1
81 0
81 0
81 16
81 0
81 0
81 0
81 44
81 211
81 1
81 0
81 0
81 0
82 0
82 0
82 0
82 1
82 22
82 17
82 132
82 34
82 0
82 0
82 1
82 1
82 0
82 0
82 0
82 0
82 1
82 0
82 0
82 0
82 0
82 0
82 0
82 0
82 0
82 0
82 0
82 0
82 0
82 0
82 1
82 0
82 0
82 0
82 1
82 1
82 0
82 0
82 0
82 0
82 0
82 192
82 0
82 0
82 0
82 0
82 13
82 163
82 30
82 0
83 0
83 0
83 0
83 1
83 0
83 20
83 292
83 0
83 0
83 0
83 0
83 0
83 1
83 0
83 1
83 0
83 0
83 0
83 0
83 0
83 0
83 0
83 0
83 0
83 0
83 0
83 0
83 0
83 0
83 0
83 0
83 0
83 0
83 1
83 0
83 47
83 0
83 0
83 44
83 70
83 0
83 0
83 0
83 68
83 48
83 74
83 0
83 0
83 0
83 0
84 0
84 0
84 0
84 1
84 1
84 0
84 0
84 0
84 24
84 90
84 104
84 26
84 0
84 0
84 0
84 1
84 0
84 0
84 0
84 0
84 0
84 0
84 0
84 0
84 0
84 0
84 0
84 0
84 0
84 0
84 1
84 0
84 0
84 0
84 0
84 30
84 132
84 0
84 0
84 0
84 90
84 81
84 76
84 0
84 0
84 0
84 0
84 0
84 0
84 0
85 0
85 1
85 0
85 0
85 0
85 0
85 0
85 20
85 0
85 14
85 238
85 0
85 0
85 0
85 0
85 0
85 0
85 0
85 0
85 0
85 0
85 0
85 0
85 0
85 0
85 0
85 0
85 0
85 1
85 0
85 0
85 1
85 0
85 0
85 0
85 0
85 0
85 0
85 0
85 0
85 42
85 0
85 32
85 47
85 0
85 0
85 0
85 64
85 32
85 0
86 0
86 0
86 0
86 0
86 0
86 2
86 116
86 18
86 0
86 117
86 1
86 1
86 0
86 0
86 0
86 0
86 0
86 0
86 0
86 0
86 0
86 1
86 0
86 0
86 0
86 0
86 0
86 0
86 0
86 0
86 0
86 0
86 0
86 0
86 0
86 1
86 200
86 0
86 0
86 1
86 64
86 106
86 82
86 0
86 0
86 1
86 0
86 0
86 0
86 0
87 0
87 0
87 0
87 0
87 40
87 7
87 73
87 0
87 152
87 0
87 0
87 0
87 0
87 0
87 0
87 2
87 0
87 0
87 0
87 0
87 0
87 1
87 0
87 0
87 0
87 0
87 0
87 0
87 0
87 0
87 0
87 1
87 0
87 0
87 0
87 0
87 72
87 0
87 0
87 0
87 133
87 90
87 0
87 0
87 0
87 0
87 0
87 0
87 0
87 0
88 0
88 0
88 1
88 0
88 0
88 0
88 40
88 0
88 66
88 96
88 24
88 0
88 0
88 0
88 0
88 0
88 0
88 0
88 0
88 0
88 0
88 0
88 0
88 0
88 0
88 1
88 0
88 0
88 0
88 0
88 0
88 0
88 0
88 0
88 0
88 1
88 0
88 0
88 0
88 57
88 0
88 32
88 56
88 4
88 2
88 0
88 106
88 29
88 0
88 5
89 1
89 0
89 0
89 0
89 0
89 76
89 0
89 85
89 124
89 0
89 0
89 0
89 0
89 0
89 0
89 0
89 1
89 0
89 0
89 0
89 0
89 1
89 1
89 0
89 0
89 0
89 0
89 0
89 0
89 0
89 0
89 0
89 0
89 0
89 0
89 0
89 0
89 43
89 0
89 127
89 0
89 1
89 0
89 251
89 1
89 0
89 0
89 0
89 0
89 0
90 1
90 0
90 0
90 0
90 0
90 22
90 15
90 98
90 20
90 29
90 20
90 26
90 0
90 0
90 0
90 0
90 0
90 0
90 0
90 0
90 0
90 0
90 0
90 0
90 0
90 0
90 0
90 0
90 1
90 0
90 0
90 0
90 1
90 0
90 0
90 1
90 0
90 0
90 0
90 0
90 46
90 1
90 0
90 0
90 32
90 0
90 30
90 76
90 31
90 23
91 0
91 0
91 0
91 0
91 0
91 3
91 7
91 1
91 78
91 148
91 1
91 1
91 0
91 2
91 0
91 0
91 0
91 1
91 0
91 0
91 0
91 0
91 0
91 0
91 0
91 0
91 0
91 1
91 0
91 1
91 1
91 0
91 0
91 1
91 0
91 0
91 0
91 1
91 0
91 0
91 33
91 0
91 0
91 42
91 72
91 134
91 0
91 0
91 0
91 0
92 1
92 0
92 1
92 0
92 0
92 0
92 0
92 5
92 110
92 45
92 10
92 0
92 0
92 0
92 0
92 0
92 0
92 1
92 0
92 0
92 1
92 0
92 0
92 0
92 0
92 0
92 0
92 0
92 0
92 0
92 0
92 0
92 0
92 0
92 0
92 0
92 168
92 0
92 0
92 0
92 0
92 55
92 108
92 39
92 33
92 0
92 0
92 0
92 0
92 0
93 0
93 1
93 0
93 0
93 0
93 42
93 26
93 72
93 0
93 36
93 70
93 0
93 0
93 0
93 0
93 0
93 0
93 0
93 0
93 0
93 0
93 1
93 1
93 0
93 0
93 0
93 0
93 0
93 0
93 1
93 0
93 0
93 2
93 1
93 0
93 0
93 0
93 0
93 0
93 0
93 0
93 0
93 1
93 1
93 0
93 33
93 0
93 96
93 0
93 22
94 0
94 0
94 0
94 1
94 0
94 0
94 37
94 82
94 0
94 138
94 0
94 0
94 0
94 0
94 0
94 1
94 0
94 0
94 0
94 0
94 1
94 0
94 0
94 0
94 0
94 1
94 1
94 0
94 0
94 0
94 0
94 0
94 0
94 1
94 0
94 20
94 0
94 0
94 0
94 0
94 1
94 30
94 156
94 52
94 0
94 0
94 0
94 0
94 0
94 0
95 0
95 0
95 0
95 1
95 1
95 0
95 34
95 1
95 74
95 0
95 118
95 8
95 1
95 0
95 1
95 0
95 0
95 0
95 0
95 2
95 0
95 0
95 0
95 0
95 1
95 0
95 1
95 1
95 0
95 0
95 1
95 0
95 1
95 0
95 0
95 0
95 0
95 0
95 0
95 0
95 0
95 13
95 0
95 0
95 0
95 30
95 0
95 36
95 0
95 93
96 0
96 0
96 0
96 0
96 0
96 34
96 232
96 0
96 0
96 0
96 0
96 0
96 0
96 0
96 0
96 0
96 0
96 0
96 0
96 0
96 0
96 1
96 0
96 0
96 0
96 0
96 1
96 0
96 0
96 1
96 1
96 0
96 1
96 0
96 0
96 0
96 1
96 0
96 193
96 0
96 1
96 0
96 26
96 0
96 2
96 123
96 12
96 15
96 0
96 0
97 0
97 0
97 0
97 0
97 46
97 76
97 0
97 27
97 24
97 72
97 0
97 0
97 0
97 0
97 0
97 1
97 0
97 0
97 1
97 0
97 1
97 0
97 0
97 1
97 0
97 0
97 0
97 0
97 0
97 0
97 0
97 1
97 0
97 0
97 1
97 1
97 16
97 139
97 1
97 0
97 2
97 12
97 1
97 0
97 40
97 0
97 21
97 46
97 47
97 30
98 0
98 0
98 0
98 0
98 0
98 1
98 10
98 0
98 204
98 0
98 1
98 0
98 0
98 0
98 0
98 0
98 1
98 0
98 0
98 0
98 1
98 1
98 0
98 0
98 1
98 0
98 0
98 0
98 0
98 1
98 0
98 0
98 0
98 0
98 0
98 1
98 63
98 98
98 1
98 0
98 0
98 198
98 42
98 9
98 0
98 0
98 0
98 0
98 1
98 0
99 0
99 0
99 0
99 1
99 0
99 0
99 64
99 0
99 59
99 69
99 0
99 0
99 1
99 0
99 0
99 0
99 0
99 0
99 0
99 0
99 0
99 0
99 0
99 0
99 1
99 1
99 0
99 0
99 0
99 0
99 0
99 0
99 0
99 0
99 0
99 0
99 0
99 0
99 31
99 0
99 3
99 110
99 0
99 0
99 1
99 42
99 204
99 0
99 0
99 0
