0 0
0 0
0 0
0 0
0 0
0 0
0 0
0 18
0 22
0 159
0 0
0 0
0 234
0 1
0 0
0 2
0 0
0 0
0 0
0 0
0 0
0 0
0 1
0 0
0 0
0 0
0 0
0 0
0 0
0 0
0 0
0 2
0 63
0 46
0 0
0 156
0 0
0 44
0 0
0 112
0 24
0 0
0 52
0 0
0 98
0 41
0 0
0 2
0 60
0 195
0 12
0 65
0 1
0 40
0 0
0 85
0 15
0 0
0 1
0 0
0 0
0 0
0 0
0 0
0 0
0 0
0 0
0 2
0 0
0 1
0 0
0 0
0 0
0 0
0 0
0 0
0 0
0 0
0 0
0 0
0 0
0 0
0 0
0 0
0 1
0 0
0 0
0 0
0 0
0 0
0 0
0 1
0 0
0 0
0 0
0 0
0 0
0 0
0 0
0 1
1 0
1 1
1 1
1 0
1 0
1 0
1 0
1 37
1 0
1 39
1 101
1 2
1 36
1 148
1 0
1 0
1 0
1 0
1 0
1 0
1 0
1 0
1 0
1 0
1 0
1 0
1 0
1 0
1 1
1 1
1 0
1 0
1 0
1 59
1 108
1 62
1 121
1 99
1 159
1 100
1 0
1 0
1 0
1 0
1 216
1 48
1 0
1 101
1 114
1 28
1 0
1 14
1 0
1 0
1 0
1 0
1 1
1 0
1 0
1 0
1 1
1 2
1 0
1 0
1 1
1 0
1 0
1 0
1 1
1 0
1 0
1 0
1 0
1 0
1 0
1 0
1 0
1 0
1 0
1 0
1 0
1 0
1 0
1 0
1 0
1 0
1 0
1 1
1 0
1 1
1 0
1 0
1 0
1 0
1 0
1 0
1 0
1 0
1 0
1 0
2 0
2 0
2 0
2 0
2 2
2 0
2 0
2 0
2 30
2 28
2 39
2 71
2 76
2 104
2 0
2 0
2 0
2 0
2 1
2 0
2 0
2 0
2 0
2 0
2 0
2 0
2 0
2 0
2 0
2 0
2 0
2 22
2 12
2 0
2 0
2 41
2 2
2 124
2 27
2 76
2 112
2 29
2 84
2 58
2 0
2 0
2 74
2 22
2 31
2 78
2 144
2 0
2 54
2 0
2 60
2 8
2 0
2 0
2 0
2 2
2 0
2 1
2 0
2 0
2 0
2 0
2 0
2 0
2 0
2 1
2 1
2 0
2 0
2 0
2 0
2 0
2 0
2 0
2 2
2 0
2 0
2 0
2 0
2 0
2 0
2 0
2 0
2 0
2 0
2 0
2 0
2 0
2 0
2 0
2 0
2 0
2 1
2 0
2 0
2 0
3 0
3 0
3 2
3 0
3 0
3 0
3 0
3 0
3 93
3 41
3 6
3 18
3 20
3 135
3 22
3 1
3 0
3 1
3 0
3 0
3 0
3 0
3 0
3 0
3 0
3 0
3 0
3 2
3 1
3 0
3 0
3 0
3 54
3 48
3 0
3 60
3 24
3 42
3 41
3 0
3 2
3 40
3 28
3 82
3 104
3 1
3 0
3 0
3 1
3 36
3 28
3 51
3 28
3 46
3 120
3 48
3 32
3 0
3 32
3 20
3 0
3 0
3 0
3 0
3 0
3 1
3 0
3 1
3 1
3 1
3 0
3 0
3 0
3 0
3 1
3 0
3 1
3 0
3 0
3 1
3 0
3 1
3 0
3 0
3 0
3 1
3 1
3 1
3 0
3 0
3 0
3 0
3 0
3 0
3 0
3 0
3 0
3 0
3 0
3 0
4 0
4 1
4 0
4 0
4 0
4 0
4 21
4 0
4 152
4 0
4 52
4 40
4 112
4 0
4 0
4 0
4 0
4 2
4 0
4 0
4 0
4 0
4 1
4 0
4 1
4 0
4 0
4 0
4 0
4 0
4 0
4 0
4 54
4 29
4 0
4 115
4 46
4 3
4 4
4 5
4 1
4 92
4 0
4 34
4 36
4 99
4 32
4 0
4 1
4 0
4 73
4 168
4 83
4 84
4 0
4 54
4 75
4 0
4 0
4 0
4 0
4 0
4 0
4 0
4 0
4 0
4 1
4 0
4 0
4 0
4 0
4 1
4 0
4 0
4 0
4 0
4 0
4 0
4 0
4 0
4 0
4 0
4 0
4 1
4 0
4 0
4 0
4 1
4 0
4 1
4 0
4 1
4 0
4 0
4 1
4 0
4 1
4 0
4 0
4 0
5 0
5 0
5 0
5 0
5 0
5 0
5 0
5 0
5 46
5 0
5 85
5 64
5 0
5 238
5 0
5 0
5 1
5 1
5 1
5 1
5 1
5 1
5 0
5 0
5 0
5 0
5 0
5 0
5 0
5 1
5 0
5 247
5 0
5 28
5 26
5 0
5 0
5 45
5 144
5 92
5 53
5 0
5 0
5 88
5 40
5 82
5 28
5 144
5 2
5 40
5 82
5 14
5 1
5 0
5 0
5 1
5 0
5 0
5 1
5 0
5 1
5 1
5 0
5 0
5 0
5 0
5 0
5 0
5 0
5 0
5 0
5 1
5 1
5 0
5 0
5 0
5 0
5 0
5 0
5 0
5 0
5 1
5 0
5 1
5 0
5 0
5 0
5 0
5 0
5 0
5 1
5 0
5 0
5 0
5 0
5 0
5 0
5 0
5 0
5 0
6 0
6 0
6 0
6 0
6 0
6 0
6 182
6 72
6 21
6 100
6 39
6 1
6 0
6 0
6 0
6 0
6 0
6 0
6 0
6 0
6 0
6 0
6 0
6 2
6 0
6 0
6 49
6 0
6 132
6 144
6 16
6 0
6 0
6 113
6 0
6 112
6 39
6 44
6 1
6 0
6 0
6 0
6 56
6 276
6 88
6 156
6 20
6 0
6 1
6 0
6 0
6 0
6 0
6 0
6 0
6 1
6 0
6 0
6 0
6 0
6 0
6 0
6 0
6 1
6 0
6 0
6 1
6 0
6 0
6 0
6 0
6 0
6 0
6 0
6 1
6 0
6 0
6 1
6 0
6 0
6 0
6 0
6 0
6 0
6 0
6 1
6 0
6 1
6 0
6 0
6 0
6 0
6 0
6 0
6 0
6 0
6 0
6 0
6 0
6 0
7 0
7 1
7 0
7 0
7 0
7 1
7 1
7 20
7 0
7 24
7 104
7 0
7 228
7 0
7 0
7 1
7 0
7 0
7 1
7 0
7 1
7 0
7 0
7 0
7 0
7 0
7 1
7 0
7 1
7 0
7 0
7 0
7 0
7 0
7 27
7 0
7 59
7 0
7 122
7 2
7 71
7 0
7 211
7 61
7 0
7 0
7 0
7 0
7 0
7 126
7 84
7 136
7 48
7 112
7 0
7 18
7 56
7 13
7 0
7 0
7 0
7 0
7 0
7 0
7 0
7 0
7 0
7 0
7 1
7 0
7 0
7 1
7 0
7 0
7 0
7 0
7 0
7 0
7 0
7 0
7 0
7 0
7 1
7 1
7 0
7 0
7 2
7 0
7 0
7 0
7 0
7 0
7 2
7 0
7 0
7 0
7 0
7 0
7 0
7 0
8 1
8 1
8 0
8 1
8 0
8 0
8 26
8 64
8 26
8 28
8 0
8 205
8 0
8 0
8 0
8 1
8 0
8 0
8 2
8 0
8 0
8 0
8 0
8 0
8 0
8 0
8 0
8 0
8 0
8 0
8 16
8 23
8 17
8 133
8 33
8 0
8 16
8 0
8 21
8 154
8 73
8 46
8 45
8 24
8 0
8 1
8 0
8 52
8 88
8 364
8 1
8 74
8 10
8 0
8 0
8 1
8 0
8 0
8 0
8 0
8 0
8 1
8 1
8 0
8 0
8 0
8 0
8 0
8 1
8 0
8 1
8 0
8 0
8 0
8 0
8 0
8 0
8 1
8 0
8 0
8 0
8 0
8 0
8 0
8 0
8 0
8 0
8 1
8 0
8 0
8 1
8 1
8 0
8 0
8 0
8 0
8 0
8 0
8 0
8 0
9 0
9 0
9 0
9 0
9 0
9 0
9 0
9 20
9 1
9 119
9 18
9 116
9 62
9 0
9 0
9 0
9 0
9 0
9 0
9 0
9 0
9 0
9 0
9 0
9 0
9 0
9 0
9 0
9 2
9 0
9 36
9 0
9 88
9 146
9 16
9 36
9 156
9 81
9 72
9 0
9 49
9 0
9 1
9 156
9 88
9 38
9 109
9 44
9 72
9 25
9 0
9 0
9 0
9 0
9 0
9 0
9 0
9 0
9 0
9 0
9 0
9 1
9 0
9 0
9 0
9 0
9 1
9 0
9 0
9 0
9 0
9 0
9 0
9 0
9 0
9 0
9 0
9 0
9 0
9 0
9 0
9 0
9 0
9 0
9 1
9 0
9 0
9 0
9 0
9 0
9 0
9 1
9 1
9 1
9 2
9 0
9 0
9 0
9 0
9 1
10 0
10 0
10 1
10 0
10 0
10 0
10 0
10 0
10 35
10 0
10 32
10 20
10 22
10 20
10 0
10 66
10 146
10 0
10 1
10 0
10 0
10 0
10 0
10 0
10 1
10 0
10 1
10 1
10 1
10 0
10 0
10 0
10 0
10 8
10 0
10 3
10 0
10 73
10 66
10 12
10 1
10 25
10 26
10 64
10 140
10 45
10 45
10 46
10 0
10 0
10 0
10 40
10 32
10 0
10 40
10 98
10 140
10 182
10 10
10 1
10 0
10 1
10 0
10 0
10 0
10 0
10 0
10 0
10 0
10 1
10 0
10 0
10 0
10 0
10 0
10 0
10 0
10 1
10 0
10 0
10 0
10 0
10 1
10 1
10 0
10 0
10 0
10 0
10 0
10 0
10 0
10 0
10 0
10 0
10 1
10 0
10 0
10 0
10 0
10 0
11 0
11 0
11 0
11 1
11 1
11 0
11 10
11 0
11 162
11 192
11 0
11 0
11 1
11 0
11 0
11 0
11 0
11 0
11 0
11 0
11 1
11 0
11 0
11 0
11 1
11 0
11 2
11 1
11 0
11 0
11 0
11 0
11 89
11 123
11 48
11 12
11 20
11 84
11 0
11 8
11 55
11 83
11 15
11 0
11 1
11 156
11 80
11 146
11 53
11 0
11 71
11 1
11 0
11 0
11 0
11 1
11 0
11 0
11 0
11 0
11 0
11 1
11 0
11 1
11 1
11 0
11 0
11 0
11 0
11 0
11 1
11 0
11 0
11 0
11 0
11 1
11 0
11 1
11 0
11 0
11 0
11 0
11 0
11 1
11 0
11 0
11 0
11 1
11 0
11 0
11 1
11 0
11 1
11 0
11 0
11 0
11 0
11 0
11 0
11 1
12 0
12 0
12 0
12 0
12 0
12 1
12 0
12 218
12 0
12 43
12 126
12 45
12 1
12 1
12 0
12 0
12 1
12 0
12 0
12 0
12 0
12 0
12 0
12 0
12 0
12 0
12 0
12 0
12 0
12 0
12 1
12 0
12 0
12 0
12 35
12 21
12 73
12 64
12 28
12 2
12 50
12 49
12 0
12 18
12 174
12 57
12 0
12 0
12 0
12 154
12 69
12 72
12 106
12 0
12 24
12 79
12 2
12 0
12 0
12 0
12 1
12 0
12 1
12 0
12 0
12 0
12 0
12 1
12 0
12 1
12 0
12 0
12 0
12 0
12 0
12 0
12 0
12 0
12 0
12 0
12 1
12 0
12 0
12 0
12 0
12 0
12 0
12 0
12 1
12 0
12 0
12 1
12 0
12 0
12 0
12 0
12 1
12 0
12 1
12 0
13 1
13 0
13 0
13 1
13 1
13 1
13 0
13 0
13 0
13 1
13 0
13 161
13 168
13 49
13 0
13 0
13 0
13 1
13 0
13 0
13 0
13 0
13 0
13 0
13 0
13 0
13 0
13 0
13 0
13 0
13 0
13 8
13 212
13 72
13 10
13 0
13 136
13 47
13 105
13 16
13 0
13 0
13 1
13 0
13 82
13 69
13 188
13 51
13 76
13 0
13 44
13 27
13 0
13 0
13 0
13 1
13 0
13 1
13 0
13 0
13 0
13 0
13 0
13 0
13 0
13 0
13 0
13 0
13 0
13 1
13 0
13 0
13 0
13 0
13 0
13 0
13 0
13 0
13 0
13 0
13 1
13 1
13 0
13 0
13 0
13 0
13 0
13 0
13 1
13 1
13 0
13 0
13 0
13 0
13 0
13 0
13 0
13 0
13 0
13 0
14 0
14 0
14 0
14 0
14 0
14 0
14 0
14 50
14 33
14 24
14 192
14 54
14 14
14 1
14 0
14 1
14 0
14 0
14 1
14 0
14 1
14 0
14 0
14 0
14 0
14 0
14 1
14 0
14 0
14 1
14 0
14 1
14 26
14 112
14 146
14 47
14 97
14 185
14 0
14 38
14 0
14 0
14 60
14 97
14 32
14 90
14 96
14 40
14 23
14 0
14 43
14 1
14 1
14 1
14 0
14 0
14 0
14 0
14 0
14 0
14 0
14 1
14 1
14 0
14 0
14 1
14 0
14 0
14 0
14 0
14 0
14 0
14 0
14 0
14 0
14 0
14 0
14 0
14 0
14 0
14 0
14 0
14 0
14 0
14 1
14 0
14 1
14 0
14 0
14 0
14 1
14 0
14 1
14 0
14 0
14 0
14 0
14 0
14 0
14 0
15 0
15 0
15 0
15 0
15 1
15 49
15 140
15 74
15 157
15 0
15 0
15 0
15 0
15 0
15 2
15 1
15 0
15 0
15 0
15 0
15 0
15 0
15 0
15 0
15 0
15 0
15 23
15 30
15 1
15 24
15 134
15 32
15 43
15 0
15 0
15 79
15 0
15 28
15 0
15 100
15 155
15 0
15 0
15 0
15 110
15 103
15 64
15 51
15 82
15 0
15 84
15 0
15 2
15 0
15 0
15 0
15 0
15 0
15 0
15 0
15 0
15 0
15 0
15 0
15 1
15 0
15 0
15 0
15 0
15 1
15 0
15 0
15 0
15 0
15 0
15 0
15 0
15 0
15 0
15 1
15 0
15 0
15 2
15 1
15 0
15 0
15 0
15 0
15 2
15 0
15 0
15 0
15 1
15 0
15 0
15 0
15 0
15 0
15 0
15 0
16 1
16 0
16 0
16 0
16 0
16 0
16 0
16 26
16 44
16 60
16 34
16 124
16 42
16 0
16 0
16 0
16 0
16 1
16 0
16 0
16 0
16 0
16 0
16 0
16 0
16 1
16 0
16 0
16 0
16 1
16 28
16 88
16 116
16 38
16 49
16 0
16 0
16 150
16 0
16 56
16 36
16 40
16 53
16 0
16 0
16 1
16 0
16 0
16 112
16 45
16 8
16 86
16 130
16 52
16 2
16 81
16 0
16 0
16 1
16 0
16 0
16 0
16 0
16 0
16 0
16 0
16 0
16 0
16 0
16 0
16 0
16 0
16 0
16 0
16 0
16 0
16 0
16 0
16 0
16 0
16 0
16 0
16 0
16 0
16 0
16 0
16 0
16 0
16 0
16 0
16 0
16 1
16 0
16 0
16 0
16 1
16 0
16 0
16 0
16 1
17 0
17 0
17 1
17 0
17 3
17 44
17 145
17 1
17 108
17 57
17 1
17 0
17 1
17 0
17 0
17 0
17 0
17 0
17 0
17 0
17 0
17 0
17 0
17 0
17 1
17 0
17 0
17 0
17 0
17 46
17 0
17 141
17 0
17 30
17 34
17 41
17 48
17 8
17 17
17 82
17 144
17 0
17 0
17 0
17 77
17 92
17 184
17 48
17 49
17 20
17 8
17 50
17 8
17 0
17 0
17 0
17 0
17 0
17 0
17 0
17 0
17 0
17 0
17 0
17 0
17 1
17 0
17 0
17 2
17 0
17 0
17 0
17 0
17 0
17 0
17 0
17 0
17 0
17 0
17 1
17 0
17 0
17 0
17 0
17 0
17 0
17 0
17 0
17 1
17 0
17 0
17 1
17 0
17 0
17 0
17 0
17 0
17 0
17 0
17 0
18 0
18 1
18 0
18 0
18 0
18 0
18 0
18 0
18 0
18 0
18 13
18 25
18 85
18 68
18 20
18 12
18 150
18 0
18 0
18 1
18 0
18 0
18 0
18 2
18 0
18 0
18 0
18 0
18 0
18 0
18 0
18 0
18 0
18 0
18 2
18 0
18 0
18 13
18 0
18 2
18 40
18 67
18 24
18 8
18 40
18 0
18 105
18 30
18 211
18 0
18 0
18 0
18 0
18 166
18 356
18 0
18 84
18 2
18 0
18 0
18 0
18 0
18 1
18 1
18 0
18 0
18 1
18 0
18 1
18 0
18 0
18 0
18 1
18 0
18 0
18 0
18 0
18 0
18 0
18 0
18 0
18 0
18 0
18 0
18 0
18 0
18 0
18 0
18 0
18 1
18 0
18 2
18 1
18 0
18 0
18 0
18 0
18 0
18 0
18 0
19 2
19 1
19 0
19 0
19 0
19 19
19 0
19 90
19 24
19 1
19 108
19 52
19 0
19 0
19 0
19 0
19 0
19 1
19 0
19 0
19 0
19 0
19 0
19 0
19 0
19 0
19 0
19 0
19 0
19 0
19 0
19 25
19 0
19 176
19 48
19 47
19 0
19 72
19 22
19 0
19 18
19 118
19 51
19 51
19 0
19 0
19 0
19 102
19 132
19 38
19 12
19 92
19 40
19 0
19 58
19 0
19 0
19 0
19 0
19 0
19 0
19 0
19 0
19 0
19 0
19 1
19 0
19 1
19 2
19 0
19 0
19 0
19 0
19 0
19 0
19 0
19 0
19 0
19 0
19 0
19 0
19 0
19 0
19 0
19 0
19 0
19 0
19 0
19 0
19 1
19 1
19 1
19 0
19 1
19 0
19 0
19 0
19 0
19 0
19 0
20 0
20 0
20 0
20 0
20 1
20 0
20 0
20 56
20 32
20 73
20 4
20 24
20 102
20 34
20 0
20 0
20 0
20 0
20 0
20 1
20 0
20 1
20 0
20 1
20 0
20 1
20 0
20 0
20 0
20 0
20 0
20 0
20 0
20 2
20 21
20 150
20 34
20 20
20 124
20 104
20 62
20 0
20 0
20 80
20 32
20 48
20 373
20 20
20 64
20 23
20 0
20 1
20 0
20 0
20 0
20 0
20 0
20 0
20 0
20 0
20 0
20 0
20 1
20 0
20 0
20 0
20 3
20 0
20 0
20 0
20 2
20 0
20 0
20 0
20 2
20 0
20 0
20 0
20 0
20 0
20 0
20 0
20 1
20 0
20 0
20 0
20 0
20 0
20 0
20 0
20 0
20 0
20 0
20 0
20 0
20 0
20 0
20 0
20 0
20 0
21 0
21 1
21 0
21 0
21 1
21 0
21 18
21 116
21 37
21 0
21 96
21 107
21 1
21 1
21 1
21 0
21 0
21 0
21 0
21 0
21 0
21 0
21 0
21 0
21 0
21 1
21 1
21 1
21 0
21 48
21 0
21 57
21 231
21 106
21 1
21 70
21 90
21 34
21 0
21 0
21 222
21 136
21 0
21 48
21 14
21 4
21 24
21 0
21 55
21 0
21 0
21 0
21 1
21 1
21 0
21 0
21 0
21 0
21 0
21 0
21 0
21 0
21 0
21 0
21 1
21 0
21 0
21 0
21 0
21 0
21 0
21 0
21 0
21 0
21 0
21 0
21 0
21 0
21 1
21 0
21 0
21 0
21 0
21 1
21 1
21 0
21 0
21 0
21 0
21 1
21 0
21 0
21 0
21 1
21 0
21 0
21 0
21 0
21 0
21 0
22 0
22 2
22 0
22 0
22 0
22 0
22 0
22 104
22 106
22 138
22 36
22 2
22 0
22 0
22 0
22 0
22 0
22 0
22 0
22 0
22 0
22 1
22 0
22 0
22 0
22 1
22 1
22 1
22 2
22 103
22 104
22 24
22 8
22 0
22 18
22 0
22 96
22 4
22 18
22 150
22 45
22 0
22 0
22 52
22 0
22 97
22 71
22 187
22 63
22 54
22 12
22 0
22 0
22 0
22 0
22 0
22 0
22 0
22 0
22 0
22 1
22 0
22 0
22 0
22 0
22 0
22 1
22 0
22 2
22 0
22 0
22 0
22 1
22 0
22 2
22 0
22 0
22 0
22 1
22 0
22 0
22 0
22 0
22 0
22 0
22 0
22 0
22 0
22 1
22 1
22 0
22 0
22 0
22 0
22 0
22 0
22 0
22 0
22 0
22 0
23 0
23 0
23 0
23 0
23 0
23 0
23 0
23 2
23 6
23 78
23 2
23 20
23 0
23 24
23 136
23 5
23 0
23 0
23 0
23 0
23 0
23 1
23 0
23 1
23 0
23 1
23 0
23 0
23 0
23 0
23 0
23 1
23 0
23 0
23 0
23 0
23 0
23 12
23 0
23 276
23 42
23 110
23 26
23 0
23 108
23 18
23 32
23 0
23 0
23 0
23 106
23 32
23 136
23 136
23 3
23 0
23 44
23 86
23 18
23 0
23 0
23 0
23 0
23 0
23 0
23 0
23 1
23 0
23 0
23 1
23 0
23 0
23 0
23 1
23 0
23 0
23 0
23 0
23 0
23 0
23 2
23 0
23 0
23 0
23 0
23 0
23 0
23 0
23 0
23 1
23 0
23 2
23 0
23 0
23 0
23 0
23 0
23 0
23 0
23 0
24 0
24 0
24 0
24 0
24 0
24 0
24 60
24 52
24 26
24 34
24 0
24 66
24 34
24 0
24 0
24 1
24 0
24 0
24 0
24 1
24 0
24 1
24 0
24 0
24 0
24 1
24 0
24 0
24 0
24 0
24 0
24 2
24 16
24 121
24 36
24 16
24 38
24 0
24 0
24 126
24 73
24 92
24 50
24 1
24 0
24 124
24 152
24 61
24 55
24 100
24 3
24 68
24 0
24 0
24 0
24 1
24 0
24 0
24 0
24 1
24 0
24 0
24 0
24 0
24 0
24 0
24 0
24 0
24 0
24 0
24 0
24 0
24 0
24 0
24 0
24 2
24 1
24 0
24 0
24 0
24 1
24 0
24 0
24 0
24 0
24 0
24 0
24 0
24 0
24 0
24 0
24 0
24 0
24 0
24 0
24 0
24 0
24 0
24 0
24 0
25 1
25 0
25 0
25 0
25 1
25 0
25 0
25 30
25 0
25 34
25 2
25 4
25 1
25 34
25 135
25 45
25 0
25 1
25 0
25 0
25 2
25 0
25 1
25 0
25 1
25 0
25 0
25 0
25 0
25 0
25 0
25 0
25 0
25 1
25 1
25 0
25 2
25 31
25 202
25 0
25 1
25 176
25 113
25 89
25 0
25 30
25 0
25 0
25 2
25 1
25 114
25 20
25 202
25 49
25 110
25 2
25 0
25 1
25 0
25 0
25 0
25 0
25 0
25 0
25 0
25 0
25 0
25 1
25 1
25 1
25 0
25 0
25 0
25 1
25 0
25 0
25 0
25 0
25 0
25 0
25 0
25 0
25 0
25 0
25 0
25 0
25 0
25 0
25 0
25 0
25 1
25 0
25 0
25 0
25 0
25 0
25 0
25 0
25 0
25 1
26 0
26 0
26 0
26 0
26 0
26 0
26 0
26 0
26 44
26 350
26 24
26 0
26 0
26 0
26 0
26 0
26 0
26 0
26 1
26 0
26 0
26 0
26 0
26 0
26 1
26 0
26 2
26 0
26 2
26 0
26 0
26 37
26 0
26 0
26 157
26 78
26 134
26 0
26 169
26 0
26 0
26 0
26 0
26 326
26 0
26 18
26 0
26 96
26 28
26 86
26 23
26 0
26 0
26 0
26 0
26 0
26 1
26 0
26 0
26 1
26 0
26 0
26 0
26 0
26 0
26 0
26 0
26 0
26 0
26 0
26 0
26 0
26 0
26 1
26 0
26 0
26 0
26 0
26 0
26 0
26 0
26 0
26 1
26 0
26 0
26 1
26 0
26 0
26 0
26 0
26 0
26 0
26 0
26 0
26 0
26 0
26 0
26 0
26 0
26 0
27 0
27 0
27 0
27 0
27 0
27 0
27 53
27 82
27 64
27 0
27 115
27 61
27 26
27 0
27 0
27 0
27 1
27 0
27 0
27 0
27 0
27 0
27 1
27 0
27 0
27 1
27 0
27 1
27 0
27 0
27 1
27 66
27 0
27 0
27 193
27 36
27 11
27 23
27 0
27 56
27 102
27 84
27 34
27 0
27 0
27 0
27 179
27 34
27 18
27 184
27 63
27 0
27 76
27 1
27 1
27 0
27 0
27 2
27 0
27 0
27 0
27 0
27 0
27 0
27 1
27 0
27 0
27 0
27 0
27 1
27 0
27 1
27 1
27 0
27 0
27 0
27 1
27 0
27 0
27 0
27 0
27 1
27 0
27 1
27 0
27 0
27 0
27 0
27 0
27 1
27 0
27 0
27 0
27 0
27 0
27 0
27 0
27 0
27 0
27 0
28 0
28 0
28 0
28 0
28 0
28 0
28 1
28 56
28 150
28 134
28 31
28 0
28 0
28 0
28 0
28 0
28 0
28 0
28 0
28 0
28 0
28 0
28 0
28 1
28 1
28 0
28 0
28 0
28 0
28 0
28 0
28 1
28 36
28 0
28 0
28 69
28 61
28 28
28 55
28 14
28 0
28 1
28 4
28 41
28 8
28 147
28 17
28 0
28 1
28 30
28 30
28 361
28 20
28 87
28 11
28 0
28 0
28 1
28 0
28 0
28 0
28 0
28 0
28 0
28 0
28 0
28 0
28 0
28 0
28 1
28 0
28 0
28 0
28 0
28 0
28 0
28 0
28 1
28 0
28 0
28 0
28 1
28 0
28 0
28 0
28 0
28 0
28 1
28 0
28 1
28 0
28 0
28 0
28 0
28 1
28 1
28 1
28 0
28 0
28 0
29 0
29 2
29 0
29 0
29 0
29 0
29 0
29 1
29 176
29 0
29 246
29 0
29 1
29 0
29 0
29 0
29 1
29 0
29 1
29 1
29 0
29 0
29 0
29 0
29 0
29 0
29 0
29 0
29 113
29 116
29 0
29 116
29 0
29 0
29 115
29 0
29 218
29 39
29 0
29 0
29 0
29 100
29 34
29 20
29 34
29 36
29 34
29 52
29 110
29 64
29 0
29 16
29 1
29 0
29 0
29 0
29 0
29 0
29 0
29 0
29 1
29 0
29 2
29 0
29 0
29 0
29 0
29 1
29 0
29 0
29 0
29 0
29 0
29 0
29 0
29 0
29 1
29 0
29 0
29 0
29 0
29 0
29 0
29 0
29 0
29 1
29 1
29 0
29 0
29 0
29 0
29 0
29 0
29 0
29 0
29 0
29 0
29 0
29 0
29 0
30 0
30 0
30 0
30 0
30 1
30 0
30 0
30 1
30 48
30 40
30 22
30 28
30 12
30 93
30 42
30 1
30 0
30 0
30 0
30 0
30 0
30 0
30 0
30 1
30 1
30 1
30 0
30 0
30 0
30 61
30 29
30 1
30 143
30 38
30 49
30 0
30 67
30 44
30 0
30 57
30 92
30 0
30 0
30 0
30 1
30 86
30 287
30 107
30 0
30 0
30 53
30 0
30 42
30 10
30 0
30 0
30 0
30 0
30 0
30 1
30 0
30 0
30 0
30 1
30 0
30 1
30 0
30 1
30 0
30 0
30 0
30 0
30 1
30 0
30 1
30 1
30 1
30 0
30 0
30 0
30 0
30 0
30 0
30 0
30 0
30 0
30 0
30 0
30 1
30 0
30 0
30 1
30 1
30 0
30 0
30 0
30 1
30 1
30 0
30 0
31 1
31 0
31 0
31 0
31 0
31 0
31 0
31 1
31 0
31 419
31 0
31 0
31 1
31 0
31 0
31 0
31 0
31 0
31 0
31 0
31 1
31 0
31 0
31 0
31 0
31 0
31 0
31 1
31 0
31 1
31 0
31 9
31 160
31 122
31 2
31 177
31 44
31 46
31 44
31 0
31 0
31 0
31 36
31 30
31 145
31 84
31 160
31 1
31 114
31 0
31 0
31 0
31 1
31 0
31 0
31 0
31 0
31 0
31 0
31 0
31 0
31 0
31 0
31 0
31 0
31 1
31 0
31 0
31 0
31 0
31 0
31 0
31 0
31 0
31 0
31 1
31 2
31 0
31 0
31 0
31 0
31 0
31 0
31 0
31 0
31 0
31 0
31 0
31 0
31 0
31 0
31 1
31 0
31 0
31 0
31 0
31 0
31 0
31 0
31 0
32 2
32 1
32 1
32 0
32 1
32 105
32 12
32 16
32 0
32 19
32 20
32 100
32 18
32 0
32 0
32 0
32 0
32 0
32 0
32 1
32 0
32 0
32 0
32 0
32 0
32 0
32 0
32 0
32 0
32 1
32 0
32 0
32 0
32 56
32 0
32 0
32 33
32 36
32 108
32 38
32 68
32 30
32 13
32 68
32 92
32 62
32 0
32 0
32 182
32 240
32 0
32 34
32 38
32 0
32 48
32 0
32 0
32 0
32 0
32 1
32 0
32 0
32 1
32 0
32 0
32 0
32 0
32 0
32 0
32 0
32 1
32 1
32 0
32 0
32 1
32 0
32 0
32 0
32 0
32 1
32 1
32 0
32 0
32 0
32 0
32 0
32 0
32 0
32 0
32 0
32 0
32 0
32 0
32 0
32 0
32 0
32 0
32 0
32 0
32 1
33 0
33 1
33 2
33 0
33 0
33 0
33 64
33 152
33 197
33 32
33 0
33 0
33 0
33 0
33 0
33 0
33 1
33 0
33 0
33 0
33 0
33 0
33 1
33 0
33 0
33 0
33 55
33 0
33 0
33 40
33 160
33 32
33 45
33 0
33 85
33 12
33 26
33 63
33 24
33 38
33 43
33 0
33 1
33 0
33 16
33 28
33 48
33 88
33 198
33 50
33 0
33 51
33 0
33 0
33 1
33 0
33 0
33 0
33 0
33 0
33 1
33 0
33 0
33 0
33 0
33 0
33 0
33 0
33 0
33 1
33 0
33 0
33 0
33 0
33 0
33 0
33 0
33 0
33 1
33 0
33 0
33 0
33 0
33 0
33 0
33 0
33 0
33 0
33 0
33 0
33 0
33 0
33 0
33 0
33 0
33 0
33 0
33 0
33 0
33 0
34 0
34 0
34 0
34 0
34 0
34 0
34 0
34 9
34 21
34 42
34 17
34 0
34 165
34 41
34 0
34 0
34 0
34 0
34 0
34 0
34 0
34 0
34 0
34 1
34 0
34 1
34 0
34 0
34 1
34 1
34 1
34 0
34 0
34 62
34 2
34 171
34 92
34 136
34 26
34 154
34 0
34 0
34 0
34 0
34 282
34 20
34 39
34 48
34 40
34 134
34 28
34 0
34 0
34 0
34 0
34 0
34 0
34 0
34 1
34 0
34 0
34 0
34 0
34 1
34 1
34 0
34 0
34 0
34 0
34 0
34 0
34 0
34 1
34 0
34 1
34 0
34 0
34 0
34 0
34 0
34 0
34 0
34 0
34 0
34 0
34 0
34 0
34 0
34 0
34 0
34 0
34 0
34 0
34 0
34 0
34 0
34 0
34 0
34 0
34 0
35 0
35 0
35 1
35 0
35 0
35 4
35 1
35 0
35 140
35 0
35 54
35 16
35 34
35 100
35 0
35 1
35 1
35 1
35 0
35 0
35 0
35 0
35 0
35 0
35 0
35 1
35 0
35 0
35 0
35 0
35 0
35 0
35 29
35 0
35 25
35 0
35 12
35 125
35 28
35 7
35 46
35 85
35 11
35 10
35 96
35 46
35 35
35 0
35 0
35 48
35 84
35 92
35 84
35 44
35 39
35 44
35 0
35 16
35 64
35 26
35 0
35 0
35 1
35 0
35 1
35 0
35 0
35 0
35 1
35 0
35 1
35 0
35 0
35 0
35 0
35 1
35 0
35 0
35 0
35 0
35 0
35 0
35 0
35 0
35 0
35 0
35 0
35 0
35 0
35 0
35 0
35 1
35 1
35 0
35 0
35 0
35 0
35 1
35 0
35 0
36 0
36 0
36 1
36 0
36 0
36 0
36 0
36 0
36 18
36 77
36 24
36 0
36 54
36 152
36 35
36 0
36 0
36 0
36 0
36 0
36 0
36 0
36 0
36 0
36 0
36 0
36 0
36 0
36 0
36 0
36 0
36 0
36 0
36 0
36 58
36 25
36 25
36 32
36 98
36 41
36 8
36 0
36 52
36 17
36 0
36 54
36 144
36 0
36 0
36 0
36 0
36 200
36 47
36 18
36 28
36 62
36 60
36 0
36 70
36 0
36 0
36 0
36 0
36 0
36 0
36 1
36 1
36 0
36 0
36 0
36 0
36 0
36 0
36 0
36 0
36 0
36 0
36 0
36 0
36 0
36 0
36 0
36 0
36 0
36 1
36 0
36 1
36 0
36 0
36 0
36 0
36 0
36 1
36 0
36 1
36 0
36 0
36 0
36 0
36 1
37 0
37 1
37 0
37 1
37 1
37 0
37 2
37 32
37 46
37 27
37 44
37 108
37 7
37 0
37 0
37 0
37 0
37 0
37 1
37 0
37 0
37 0
37 0
37 0
37 0
37 0
37 0
37 0
37 0
37 0
37 0
37 20
37 25
37 0
37 55
37 129
37 20
37 0
37 20
37 1
37 1
37 240
37 22
37 40
37 1
37 0
37 90
37 37
37 131
37 24
37 48
37 47
37 44
37 52
37 0
37 0
37 0
37 1
37 1
37 0
37 1
37 0
37 0
37 0
37 0
37 0
37 0
37 0
37 1
37 1
37 1
37 0
37 0
37 0
37 0
37 0
37 0
37 0
37 0
37 0
37 0
37 0
37 0
37 0
37 1
37 0
37 0
37 0
37 0
37 0
37 0
37 0
37 0
37 0
37 0
37 0
37 0
37 0
37 0
37 0
38 1
38 0
38 0
38 0
38 0
38 1
38 0
38 0
38 6
38 96
38 31
38 33
38 0
38 69
38 32
38 114
38 0
38 0
38 1
38 0
38 0
38 0
38 0
38 0
38 0
38 1
38 0
38 0
38 0
38 2
38 0
38 84
38 0
38 18
38 199
38 12
38 0
38 56
38 22
38 220
38 0
38 0
38 0
38 72
38 134
38 31
38 82
38 3
38 100
38 0
38 110
38 0
38 0
38 0
38 0
38 0
38 1
38 0
38 0
38 0
38 0
38 0
38 0
38 0
38 0
38 0
38 0
38 0
38 0
38 1
38 0
38 0
38 1
38 0
38 1
38 0
38 0
38 0
38 0
38 0
38 1
38 0
38 0
38 0
38 0
38 0
38 0
38 0
38 0
38 1
38 0
38 0
38 0
38 0
38 0
38 0
38 0
38 0
38 0
38 0
39 0
39 0
39 0
39 0
39 0
39 5
39 164
39 18
39 148
39 0
39 0
39 0
39 0
39 0
39 0
39 1
39 2
39 0
39 0
39 0
39 0
39 0
39 0
39 0
39 0
39 0
39 1
39 8
39 0
39 0
39 196
39 52
39 47
39 0
39 64
39 41
39 0
39 0
39 18
39 27
39 28
39 46
39 0
39 0
39 1
39 0
39 0
39 212
39 94
39 16
39 96
39 38
39 40
39 7
39 0
39 0
39 0
39 0
39 0
39 1
39 1
39 0
39 0
39 0
39 0
39 1
39 0
39 2
39 0
39 0
39 0
39 0
39 1
39 0
39 1
39 0
39 0
39 0
39 0
39 0
39 0
39 0
39 0
39 0
39 0
39 0
39 0
39 0
39 0
39 0
39 0
39 0
39 0
39 1
39 1
39 0
39 0
39 0
39 0
39 0
40 0
40 0
40 0
40 0
40 0
40 1
40 41
40 82
40 56
40 0
40 71
40 109
40 28
40 0
40 0
40 0
40 0
40 1
40 0
40 0
40 0
40 0
40 0
40 0
40 0
40 1
40 0
40 0
40 1
40 1
40 0
40 0
40 1
40 0
40 53
40 0
40 167
40 0
40 46
40 1
40 77
40 46
40 0
40 61
40 95
40 56
40 0
40 0
40 36
40 0
40 84
40 97
40 32
40 225
40 123
40 0
40 0
40 0
40 1
40 0
40 0
40 1
40 0
40 0
40 0
40 0
40 0
40 0
40 0
40 1
40 1
40 1
40 0
40 0
40 1
40 0
40 1
40 0
40 0
40 0
40 0
40 0
40 0
40 0
40 0
40 0
40 0
40 1
40 1
40 0
40 0
40 0
40 0
40 0
40 0
40 0
40 0
40 0
40 0
40 0
41 0
41 0
41 0
41 0
41 0
41 0
41 4
41 25
41 141
41 172
41 0
41 0
41 0
41 0
41 0
41 0
41 0
41 0
41 0
41 0
41 0
41 0
41 0
41 0
41 1
41 0
41 0
41 0
41 2
41 0
41 0
41 27
41 210
41 46
41 30
41 0
41 60
41 36
41 95
41 91
41 0
41 26
41 0
41 0
41 0
41 179
41 0
41 45
41 104
41 211
41 16
41 0
41 0
41 0
41 0
41 1
41 0
41 0
41 0
41 0
41 0
41 0
41 0
41 0
41 1
41 0
41 0
41 0
41 0
41 0
41 0
41 0
41 0
41 0
41 0
41 0
41 0
41 0
41 1
41 0
41 0
41 0
41 0
41 1
41 0
41 1
41 0
41 0
41 0
41 0
41 0
41 0
41 0
41 0
41 0
41 0
41 0
41 0
41 0
41 0
42 0
42 0
42 0
42 0
42 0
42 0
42 0
42 101
42 16
42 8
42 36
42 0
42 112
42 58
42 4
42 1
42 0
42 0
42 0
42 0
42 0
42 0
42 0
42 0
42 0
42 0
42 0
42 0
42 0
42 0
42 0
42 0
42 0
42 1
42 31
42 3
42 0
42 25
42 42
42 70
42 42
42 78
42 70
42 1
42 0
42 0
42 1
42 16
42 162
42 51
42 0
42 0
42 86
42 182
42 16
42 152
42 92
42 18
42 1
42 0
42 0
42 0
42 0
42 0
42 0
42 0
42 0
42 0
42 1
42 0
42 1
42 0
42 0
42 0
42 1
42 1
42 0
42 0
42 0
42 0
42 0
42 1
42 0
42 0
42 1
42 1
42 0
42 0
42 0
42 0
42 0
42 0
42 0
42 0
42 1
42 0
42 0
42 0
42 0
42 0
43 0
43 0
43 2
43 0
43 0
43 1
43 1
43 0
43 0
43 0
43 29
43 86
43 52
43 1
43 1
43 42
43 111
43 0
43 0
43 0
43 0
43 0
43 1
43 0
43 0
43 0
43 0
43 0
43 0
43 0
43 0
43 0
43 1
43 0
43 26
43 8
43 0
43 49
43 163
43 31
43 49
43 22
43 32
43 22
43 0
43 59
43 87
43 0
43 0
43 1
43 0
43 2
43 0
43 24
43 36
43 93
43 56
43 40
43 103
43 0
43 0
43 48
43 62
43 14
43 1
43 1
43 0
43 1
43 0
43 0
43 0
43 0
43 1
43 0
43 1
43 2
43 0
43 0
43 0
43 0
43 0
43 0
43 0
43 0
43 0
43 0
43 0
43 0
43 0
43 0
43 0
43 1
43 0
43 1
43 1
43 0
43 1
43 0
43 0
43 0
44 0
44 0
44 0
44 0
44 0
44 0
44 0
44 56
44 0
44 85
44 15
44 180
44 0
44 0
44 0
44 0
44 1
44 1
44 0
44 0
44 1
44 0
44 0
44 0
44 0
44 0
44 0
44 0
44 0
44 0
44 32
44 0
44 0
44 42
44 152
44 28
44 12
44 32
44 158
44 164
44 40
44 2
44 0
44 125
44 30
44 240
44 24
44 0
44 44
44 93
44 20
44 0
44 0
44 0
44 0
44 0
44 0
44 0
44 0
44 0
44 1
44 0
44 1
44 1
44 0
44 0
44 0
44 0
44 1
44 0
44 0
44 0
44 0
44 0
44 0
44 1
44 0
44 1
44 1
44 0
44 0
44 0
44 0
44 0
44 0
44 0
44 1
44 0
44 0
44 0
44 0
44 0
44 0
44 0
44 0
44 0
44 0
44 0
44 0
44 0
45 0
45 1
45 0
45 1
45 0
45 29
45 0
45 153
45 84
45 49
45 36
45 0
45 0
45 0
45 0
45 0
45 0
45 0
45 1
45 1
45 0
45 0
45 0
45 0
45 0
45 0
45 1
45 16
45 2
45 50
45 48
45 140
45 18
45 0
45 96
45 216
45 0
45 0
45 0
45 76
45 88
45 40
45 67
45 40
45 91
45 148
45 0
45 0
45 0
45 0
45 0
45 0
45 1
45 0
45 0
45 0
45 0
45 0
45 0
45 0
45 0
45 0
45 0
45 0
45 0
45 0
45 0
45 0
45 0
45 0
45 0
45 0
45 1
45 0
45 0
45 0
45 0
45 0
45 0
45 0
45 0
45 0
45 1
45 0
45 0
45 0
45 0
45 0
45 0
45 0
45 1
45 0
45 0
45 0
45 0
45 0
45 0
45 0
45 0
45 0
46 0
46 0
46 0
46 0
46 0
46 0
46 54
46 0
46 35
46 64
46 0
46 0
46 31
46 185
46 0
46 0
46 1
46 0
46 0
46 1
46 1
46 0
46 1
46 0
46 0
46 0
46 0
46 0
46 0
46 0
46 0
46 0
46 61
46 9
46 141
46 24
46 0
46 24
46 36
46 82
46 28
46 27
46 0
46 48
46 0
46 77
46 16
46 1
46 0
46 1
46 0
46 216
46 94
46 34
46 160
46 100
46 0
46 1
46 1
46 0
46 0
46 1
46 0
46 0
46 0
46 0
46 0
46 0
46 1
46 0
46 0
46 0
46 0
46 0
46 0
46 0
46 0
46 0
46 0
46 0
46 0
46 2
46 1
46 1
46 0
46 1
46 0
46 0
46 0
46 1
46 0
46 1
46 0
46 2
46 0
46 0
46 0
46 0
46 0
46 0
47 0
47 1
47 1
47 1
47 0
47 0
47 2
47 100
47 30
47 87
47 44
47 0
47 0
47 0
47 1
47 1
47 0
47 0
47 0
47 0
47 1
47 1
47 0
47 0
47 1
47 0
47 0
47 0
47 348
47 29
47 0
47 122
47 94
47 44
47 100
47 0
47 0
47 0
47 118
47 26
47 54
47 68
47 48
47 42
47 58
47 4
47 50
47 0
47 0
47 0
47 0
47 0
47 1
47 0
47 0
47 1
47 0
47 0
47 1
47 0
47 0
47 0
47 1
47 0
47 0
47 1
47 0
47 1
47 0
47 0
47 0
47 1
47 0
47 0
47 0
47 1
47 1
47 1
47 0
47 1
47 1
47 0
47 0
47 0
47 0
47 1
47 0
47 0
47 0
47 0
47 0
47 0
47 0
47 0
47 0
47 0
47 0
47 0
47 0
47 0
48 0
48 0
48 0
48 0
48 0
48 1
48 44
48 139
48 224
48 0
48 0
48 0
48 0
48 0
48 0
48 0
48 0
48 1
48 0
48 0
48 0
48 0
48 0
48 0
48 0
48 4
48 17
48 43
48 81
48 53
48 60
48 8
48 0
48 0
48 80
48 48
48 0
48 52
48 72
48 0
48 48
48 0
48 1
48 84
48 9
48 150
48 140
48 26
48 8
48 89
48 29
48 0
48 0
48 1
48 0
48 0
48 0
48 0
48 1
48 0
48 0
48 0
48 0
48 0
48 1
48 0
48 0
48 0
48 0
48 0
48 1
48 1
48 0
48 0
48 0
48 0
48 0
48 0
48 0
48 0
48 0
48 0
48 0
48 0
48 1
48 1
48 0
48 0
48 0
48 0
48 0
48 0
48 1
48 0
48 0
48 0
48 0
48 1
48 0
48 0
49 0
49 0
49 0
49 0
49 0
49 0
49 0
49 0
49 0
49 9
49 31
49 24
49 30
49 78
49 52
49 154
49 0
49 0
49 0
49 1
49 1
49 0
49 0
49 0
49 1
49 0
49 0
49 0
49 0
49 0
49 0
49 0
49 0
49 0
49 20
49 29
49 4
49 100
49 28
49 79
49 148
49 22
49 36
49 91
49 0
49 1
49 0
49 98
49 27
49 0
49 135
49 88
49 5
49 36
49 44
49 22
49 0
49 2
49 0
49 0
49 0
49 0
49 0
49 0
49 0
49 0
49 0
49 1
49 0
49 0
49 0
49 0
49 0
49 0
49 0
49 0
49 0
49 0
49 0
49 1
49 0
49 0
49 0
49 0
49 0
49 0
49 0
49 0
49 0
49 0
49 0
49 0
49 0
49 1
49 0
49 0
49 0
49 1
49 0
49 0
50 0
50 0
50 0
50 0
50 0
50 0
50 0
50 1
50 168
50 0
50 0
50 184
50 46
50 0
50 1
50 0
50 0
50 0
50 0
50 2
50 0
50 0
50 0
50 0
50 0
50 1
50 0
50 1
50 0
50 0
50 1
50 0
50 1
50 135
50 104
50 0
50 0
50 1
50 1
50 72
50 22
50 11
50 158
50 57
50 0
50 0
50 0
50 0
50 76
50 182
50 21
50 28
50 56
50 26
50 48
50 89
50 30
50 0
50 0
50 0
50 0
50 0
50 0
50 0
50 0
50 0
50 0
50 0
50 0
50 0
50 0
50 0
50 0
50 0
50 0
50 0
50 0
50 0
50 1
50 0
50 0
50 0
50 0
50 1
50 0
50 0
50 0
50 0
50 0
50 0
50 1
50 0
50 0
50 0
50 0
50 1
50 0
50 0
50 0
50 0
51 0
51 0
51 0
51 0
51 0
51 0
51 0
51 25
51 73
51 26
51 19
51 178
51 26
51 0
51 0
51 0
51 0
51 0
51 0
51 0
51 0
51 0
51 0
51 0
51 0
51 0
51 0
51 0
51 0
51 0
51 0
51 0
51 0
51 0
51 0
51 12
51 52
51 136
51 94
51 20
51 0
51 108
51 23
51 67
51 102
51 0
51 40
51 0
51 0
51 118
51 140
51 112
51 16
51 0
51 40
51 0
51 62
51 0
51 0
51 0
51 1
51 1
51 0
51 0
51 0
51 0
51 0
51 0
51 0
51 0
51 0
51 1
51 0
51 0
51 1
51 0
51 0
51 0
51 0
51 1
51 0
51 0
51 0
51 0
51 0
51 0
51 0
51 0
51 1
51 0
51 0
51 0
51 0
51 0
51 0
51 0
51 0
51 0
51 1
51 0
52 0
52 0
52 0
52 0
52 1
52 1
52 200
52 0
52 246
52 0
52 0
52 0
52 0
52 0
52 0
52 0
52 0
52 0
52 0
52 1
52 0
52 0
52 0
52 0
52 0
52 0
52 16
52 28
52 81
52 64
52 48
52 0
52 148
52 2
52 100
52 44
52 18
52 0
52 0
52 0
52 0
52 64
52 36
52 48
52 28
52 88
52 32
52 178
52 117
52 0
52 0
52 1
52 0
52 0
52 0
52 1
52 0
52 0
52 0
52 1
52 0
52 0
52 2
52 0
52 0
52 0
52 0
52 0
52 0
52 0
52 0
52 0
52 0
52 0
52 0
52 1
52 0
52 0
52 1
52 0
52 2
52 0
52 0
52 1
52 0
52 2
52 1
52 0
52 0
52 0
52 0
52 0
52 0
52 0
52 0
52 0
52 0
52 0
52 0
52 0
53 1
53 1
53 0
53 1
53 0
53 0
53 0
53 18
53 0
53 0
53 40
53 16
53 34
53 0
53 45
53 28
53 113
53 0
53 0
53 0
53 0
53 0
53 0
53 0
53 1
53 0
53 0
53 1
53 0
53 0
53 0
53 0
53 0
53 0
53 0
53 54
53 67
53 44
53 44
53 47
53 1
53 19
53 0
53 100
53 25
53 8
53 146
53 62
53 0
53 0
53 0
53 70
53 188
53 240
53 0
53 64
53 0
53 0
53 0
53 0
53 0
53 0
53 0
53 1
53 0
53 0
53 1
53 0
53 0
53 0
53 0
53 0
53 0
53 0
53 1
53 0
53 0
53 0
53 1
53 0
53 0
53 0
53 0
53 0
53 0
53 1
53 0
53 0
53 0
53 0
53 0
53 0
53 0
53 0
53 0
53 0
53 0
53 1
53 0
53 0
54 0
54 0
54 0
54 0
54 0
54 0
54 0
54 0
54 43
54 58
54 56
54 164
54 44
54 0
54 0
54 0
54 0
54 0
54 1
54 0
54 0
54 1
54 1
54 0
54 0
54 1
54 0
54 0
54 0
54 0
54 0
54 2
54 0
54 26
54 0
54 16
54 143
54 37
54 79
54 0
54 88
54 26
54 36
54 99
54 29
54 0
54 2
54 136
54 0
54 192
54 111
54 32
54 31
54 0
54 0
54 1
54 0
54 1
54 0
54 0
54 0
54 1
54 0
54 2
54 0
54 0
54 1
54 0
54 1
54 0
54 0
54 0
54 0
54 0
54 0
54 0
54 1
54 2
54 0
54 0
54 1
54 0
54 1
54 0
54 0
54 0
54 0
54 2
54 1
54 0
54 0
54 0
54 0
54 0
54 0
54 1
54 0
54 0
54 0
54 0
55 1
55 0
55 0
55 0
55 0
55 0
55 12
55 20
55 128
55 0
55 0
55 210
55 0
55 0
55 0
55 0
55 0
55 1
55 0
55 0
55 0
55 0
55 0
55 1
55 0
55 0
55 0
55 0
55 0
55 0
55 0
55 1
55 0
55 17
55 60
55 58
55 48
55 23
55 92
55 16
55 1
55 0
55 16
55 40
55 97
55 48
55 0
55 0
55 0
55 0
55 112
55 154
55 39
55 28
55 0
55 48
55 20
55 48
55 72
55 0
55 0
55 0
55 1
55 0
55 0
55 0
55 0
55 0
55 0
55 0
55 0
55 0
55 0
55 0
55 0
55 0
55 0
55 0
55 0
55 1
55 1
55 0
55 1
55 0
55 0
55 0
55 0
55 0
55 0
55 2
55 2
55 0
55 1
55 0
55 0
55 0
55 0
55 0
55 0
55 0
56 0
56 0
56 0
56 0
56 1
56 0
56 0
56 0
56 0
56 16
56 6
56 100
56 29
56 32
56 163
56 0
56 1
56 0
56 0
56 0
56 0
56 0
56 0
56 0
56 1
56 0
56 0
56 1
56 0
56 0
56 0
56 0
56 0
56 0
56 24
56 0
56 244
56 20
56 36
56 154
56 112
56 105
56 0
56 0
56 127
56 284
56 51
56 148
56 31
56 0
56 1
56 0
56 0
56 1
56 0
56 0
56 0
56 0
56 0
56 0
56 0
56 0
56 1
56 0
56 0
56 0
56 0
56 0
56 0
56 0
56 0
56 0
56 0
56 0
56 0
56 0
56 0
56 0
56 0
56 0
56 0
56 0
56 0
56 0
56 0
56 0
56 0
56 0
56 0
56 0
56 1
56 0
56 0
56 0
56 0
56 0
56 0
56 0
56 0
56 0
57 1
57 1
57 0
57 0
57 1
57 20
57 0
57 45
57 22
57 16
57 8
57 71
57 63
57 40
57 0
57 0
57 0
57 0
57 0
57 0
57 0
57 0
57 1
57 0
57 0
57 0
57 0
57 0
57 0
57 0
57 1
57 1
57 4
57 116
57 118
57 60
57 16
57 10
57 80
57 32
57 24
57 8
57 52
57 105
57 36
57 0
57 0
57 0
57 0
57 37
57 200
57 28
57 51
57 4
57 64
57 0
57 71
57 6
57 0
57 0
57 0
57 0
57 0
57 2
57 2
57 0
57 0
57 0
57 0
57 0
57 1
57 0
57 0
57 0
57 0
57 1
57 1
57 1
57 0
57 0
57 0
57 0
57 0
57 0
57 0
57 0
57 0
57 0
57 0
57 0
57 0
57 0
57 1
57 1
57 1
57 2
57 0
57 1
57 0
57 0
58 0
58 0
58 0
58 0
58 0
58 0
58 0
58 3
58 80
58 115
58 1
58 0
58 160
58 0
58 1
58 1
58 0
58 0
58 0
58 0
58 1
58 0
58 0
58 0
58 0
58 0
58 1
58 0
58 0
58 0
58 0
58 0
58 58
58 36
58 0
58 1
58 180
58 0
58 19
58 40
58 53
58 21
58 22
58 8
58 111
58 47
58 52
58 0
58 0
58 79
58 92
58 42
58 24
58 89
58 116
58 40
58 1
58 0
58 100
58 1
58 1
58 0
58 1
58 0
58 1
58 0
58 1
58 1
58 0
58 0
58 1
58 0
58 1
58 0
58 0
58 1
58 1
58 0
58 1
58 0
58 0
58 1
58 1
58 0
58 0
58 1
58 0
58 0
58 1
58 0
58 0
58 1
58 1
58 0
58 0
58 0
58 0
58 0
58 0
58 0
59 0
59 1
59 1
59 0
59 0
59 0
59 1
59 1
59 29
59 48
59 0
59 0
59 24
59 1
59 108
59 108
59 0
59 1
59 1
59 0
59 1
59 0
59 0
59 0
59 0
59 0
59 0
59 0
59 0
59 0
59 0
59 1
59 0
59 0
59 1
59 22
59 79
59 0
59 138
59 53
59 0
59 0
59 76
59 4
59 0
59 12
59 212
59 0
59 0
59 0
59 69
59 37
59 198
59 34
59 52
59 36
59 0
59 58
59 34
59 0
59 19
59 0
59 0
59 0
59 0
59 0
59 0
59 0
59 0
59 0
59 0
59 0
59 0
59 0
59 0
59 0
59 0
59 2
59 0
59 0
59 0
59 0
59 1
59 0
59 0
59 0
59 0
59 0
59 0
59 0
59 0
59 0
59 1
59 0
59 1
59 0
59 0
59 0
59 1
59 0
60 0
60 0
60 0
60 0
60 2
60 108
60 0
60 30
60 0
60 35
60 0
60 187
60 0
60 0
60 1
60 0
60 2
60 0
60 0
60 1
60 0
60 0
60 0
60 0
60 0
60 1
60 0
60 0
60 0
60 52
60 248
60 26
60 207
60 59
60 20
60 26
60 58
60 0
60 0
60 0
60 122
60 32
60 54
60 170
60 44
60 88
60 22
60 0
60 0
60 0
60 0
60 0
60 0
60 1
60 1
60 0
60 0
60 0
60 0
60 0
60 0
60 0
60 0
60 0
60 0
60 0
60 1
60 0
60 1
60 0
60 0
60 0
60 1
60 0
60 0
60 0
60 0
60 0
60 0
60 1
60 0
60 0
60 0
60 0
60 0
60 0
60 0
60 1
60 0
60 1
60 1
60 0
60 0
60 0
60 0
60 0
60 0
60 0
60 0
60 0
61 0
61 1
61 0
61 0
61 0
61 0
61 0
61 0
61 33
61 160
61 0
61 171
61 20
61 0
61 0
61 0
61 0
61 0
61 0
61 1
61 0
61 0
61 0
61 0
61 0
61 0
61 0
61 0
61 0
61 0
61 27
61 2
61 25
61 1
61 4
61 85
61 60
61 44
61 112
61 20
61 172
61 54
61 0
61 0
61 0
61 219
61 20
61 89
61 36
61 24
61 61
61 0
61 74
61 16
61 0
61 1
61 0
61 0
61 1
61 0
61 0
61 0
61 1
61 0
61 0
61 0
61 0
61 0
61 0
61 1
61 0
61 1
61 1
61 0
61 0
61 0
61 0
61 0
61 0
61 0
61 0
61 0
61 0
61 0
61 0
61 0
61 0
61 0
61 0
61 0
61 0
61 0
61 0
61 0
61 0
61 0
61 0
61 0
61 0
61 0
62 0
62 1
62 0
62 0
62 0
62 0
62 32
62 61
62 24
62 33
62 0
62 60
62 32
62 116
62 0
62 0
62 0
62 0
62 1
62 0
62 2
62 0
62 0
62 0
62 1
62 0
62 0
62 0
62 0
62 0
62 0
62 2
62 58
62 213
62 40
62 10
62 0
62 198
62 48
62 94
62 34
62 0
62 0
62 1
62 140
62 28
62 205
62 9
62 28
62 80
62 19
62 0
62 0
62 0
62 0
62 0
62 0
62 1
62 0
62 0
62 0
62 0
62 0
62 0
62 1
62 1
62 1
62 0
62 0
62 2
62 2
62 0
62 0
62 1
62 0
62 0
62 0
62 1
62 1
62 0
62 1
62 0
62 0
62 0
62 0
62 0
62 0
62 1
62 0
62 0
62 0
62 0
62 0
62 0
62 0
62 0
62 0
62 0
62 0
62 0
63 0
63 1
63 0
63 0
63 1
63 1
63 0
63 2
63 0
63 30
63 0
63 104
63 45
63 185
63 0
63 1
63 0
63 0
63 0
63 2
63 0
63 0
63 0
63 0
63 0
63 0
63 1
63 0
63 1
63 0
63 0
63 1
63 16
63 0
63 41
63 1
63 143
63 0
63 0
63 85
63 0
63 57
63 68
63 64
63 88
63 48
63 1
63 0
63 0
63 285
63 146
63 43
63 65
63 100
63 0
63 0
63 2
63 0
63 0
63 0
63 1
63 0
63 0
63 0
63 0
63 0
63 0
63 0
63 1
63 1
63 0
63 0
63 0
63 0
63 0
63 0
63 0
63 0
63 0
63 0
63 0
63 0
63 0
63 0
63 0
63 1
63 0
63 0
63 0
63 1
63 0
63 0
63 1
63 0
63 0
63 1
63 0
63 0
63 0
63 0
64 0
64 0
64 0
64 0
64 0
64 0
64 0
64 2
64 5
64 154
64 48
64 0
64 109
64 0
64 0
64 1
64 1
64 0
64 0
64 0
64 0
64 0
64 0
64 0
64 0
64 0
64 1
64 0
64 0
64 0
64 0
64 12
64 0
64 311
64 0
64 126
64 12
64 162
64 26
64 0
64 0
64 1
64 83
64 143
64 79
64 20
64 56
64 107
64 22
64 57
64 23
64 0
64 0
64 0
64 0
64 0
64 0
64 0
64 0
64 0
64 0
64 0
64 0
64 0
64 1
64 0
64 0
64 0
64 0
64 0
64 0
64 0
64 0
64 1
64 0
64 0
64 1
64 0
64 0
64 0
64 0
64 0
64 0
64 1
64 0
64 0
64 0
64 0
64 0
64 0
64 0
64 0
64 0
64 0
64 0
64 0
64 0
64 0
64 0
64 0
65 0
65 0
65 0
65 0
65 0
65 0
65 0
65 216
65 24
65 22
65 137
65 0
65 0
65 0
65 0
65 0
65 0
65 0
65 0
65 2
65 0
65 0
65 0
65 0
65 1
65 0
65 63
65 0
65 74
65 72
65 4
65 66
65 53
65 13
65 21
65 15
65 53
65 96
65 52
65 0
65 0
65 0
65 100
65 92
65 205
65 115
65 84
65 0
65 0
65 0
65 0
65 0
65 0
65 0
65 0
65 0
65 0
65 0
65 1
65 0
65 0
65 0
65 0
65 0
65 0
65 0
65 1
65 0
65 0
65 1
65 0
65 0
65 0
65 0
65 0
65 0
65 0
65 0
65 0
65 0
65 0
65 0
65 0
65 0
65 0
65 0
65 0
65 0
65 0
65 0
65 1
65 0
65 1
65 0
65 0
65 0
65 1
65 0
65 1
65 0
66 0
66 1
66 1
66 0
66 0
66 0
66 22
66 72
66 20
66 24
66 8
66 165
66 32
66 0
66 0
66 0
66 0
66 0
66 1
66 0
66 0
66 0
66 0
66 0
66 0
66 1
66 0
66 0
66 0
66 0
66 0
66 0
66 0
66 0
66 45
66 0
66 0
66 20
66 8
66 81
66 46
66 0
66 12
66 10
66 77
66 37
66 8
66 216
66 1
66 0
66 0
66 82
66 110
66 108
66 80
66 6
66 24
66 80
66 22
66 0
66 0
66 0
66 0
66 0
66 1
66 0
66 0
66 0
66 0
66 1
66 0
66 0
66 0
66 0
66 0
66 0
66 0
66 1
66 1
66 0
66 0
66 0
66 1
66 0
66 0
66 0
66 0
66 1
66 0
66 0
66 0
66 0
66 0
66 0
66 0
66 0
66 0
66 0
66 1
66 1
67 2
67 0
67 0
67 0
67 1
67 100
67 100
67 40
67 56
67 119
67 0
67 0
67 0
67 0
67 0
67 1
67 1
67 0
67 0
67 0
67 0
67 1
67 0
67 0
67 1
67 20
67 77
67 62
67 188
67 1
67 294
67 0
67 52
67 0
67 0
67 284
67 20
67 147
67 0
67 150
67 0
67 0
67 0
67 1
67 0
67 1
67 0
67 0
67 0
67 0
67 0
67 0
67 0
67 0
67 0
67 0
67 0
67 0
67 0
67 0
67 0
67 0
67 1
67 2
67 0
67 0
67 1
67 0
67 0
67 0
67 0
67 0
67 0
67 0
67 0
67 1
67 0
67 0
67 1
67 0
67 0
67 1
67 0
67 0
67 0
67 0
67 0
67 0
67 0
67 0
67 0
67 0
67 0
67 0
67 0
67 0
67 0
67 0
67 0
67 0
68 0
68 0
68 0
68 1
68 0
68 0
68 3
68 1
68 26
68 0
68 128
68 20
68 105
68 44
68 0
68 0
68 0
68 1
68 1
68 0
68 0
68 0
68 0
68 0
68 1
68 0
68 1
68 0
68 2
68 0
68 0
68 1
68 32
68 0
68 200
68 16
68 0
68 48
68 2
68 66
68 28
68 60
68 91
68 51
68 1
68 0
68 121
68 36
68 86
68 240
68 0
68 47
68 30
68 0
68 0
68 0
68 0
68 0
68 1
68 0
68 0
68 0
68 0
68 0
68 1
68 0
68 1
68 0
68 0
68 0
68 0
68 0
68 0
68 1
68 1
68 0
68 0
68 0
68 1
68 0
68 1
68 0
68 0
68 0
68 0
68 0
68 0
68 1
68 0
68 0
68 0
68 0
68 0
68 0
68 1
68 0
68 0
68 0
68 0
68 0
69 0
69 0
69 0
69 0
69 0
69 0
69 2
69 0
69 46
69 38
69 70
69 100
69 111
69 0
69 0
69 0
69 0
69 1
69 0
69 1
69 0
69 0
69 0
69 0
69 0
69 0
69 0
69 1
69 0
69 0
69 1
69 0
69 0
69 8
69 20
69 0
69 46
69 74
69 62
69 5
69 61
69 39
69 24
69 0
69 72
69 164
69 0
69 0
69 128
69 50
69 35
69 120
69 0
69 47
69 49
69 0
69 140
69 10
69 0
69 0
69 0
69 0
69 0
69 0
69 0
69 0
69 1
69 1
69 0
69 1
69 0
69 0
69 0
69 1
69 0
69 0
69 0
69 0
69 0
69 0
69 0
69 0
69 0
69 0
69 1
69 0
69 0
69 0
69 1
69 0
69 1
69 0
69 0
69 0
69 0
69 0
69 0
69 0
69 0
69 0
70 0
70 0
70 1
70 2
70 0
70 60
70 0
70 76
70 0
70 1
70 36
70 180
70 0
70 0
70 0
70 0
70 0
70 0
70 0
70 0
70 0
70 0
70 0
70 0
70 0
70 0
70 1
70 0
70 0
70 0
70 0
70 0
70 107
70 1
70 140
70 68
70 36
70 0
70 164
70 96
70 46
70 51
70 2
70 0
70 0
70 0
70 60
70 193
70 28
70 162
70 38
70 0
70 54
70 0
70 0
70 0
70 0
70 0
70 0
70 0
70 0
70 0
70 1
70 1
70 0
70 0
70 0
70 0
70 0
70 0
70 0
70 0
70 1
70 0
70 0
70 1
70 1
70 0
70 0
70 0
70 1
70 0
70 0
70 0
70 0
70 0
70 0
70 1
70 0
70 0
70 0
70 0
70 0
70 0
70 0
70 0
70 0
70 0
70 0
70 0
71 0
71 0
71 0
71 0
71 0
71 0
71 15
71 13
71 50
71 0
71 39
71 24
71 28
71 118
71 1
71 0
71 0
71 0
71 0
71 0
71 0
71 1
71 0
71 1
71 0
71 0
71 0
71 0
71 0
71 0
71 0
71 0
71 61
71 0
71 21
71 0
71 24
71 120
71 32
71 25
71 0
71 0
71 1
71 72
71 124
71 83
71 11
71 0
71 0
71 88
71 90
71 32
71 200
71 0
71 8
71 0
71 28
71 86
71 22
71 0
71 0
71 0
71 0
71 0
71 0
71 0
71 0
71 0
71 1
71 1
71 2
71 0
71 0
71 0
71 0
71 0
71 0
71 0
71 0
71 0
71 1
71 1
71 1
71 0
71 0
71 0
71 0
71 2
71 0
71 0
71 0
71 0
71 0
71 0
71 0
71 0
71 0
71 0
71 0
71 0
72 0
72 1
72 0
72 1
72 0
72 0
72 60
72 66
72 229
72 28
72 0
72 0
72 0
72 0
72 1
72 0
72 0
72 1
72 0
72 0
72 0
72 0
72 0
72 0
72 0
72 0
72 0
72 0
72 0
72 26
72 0
72 8
72 0
72 57
72 63
72 75
72 17
72 93
72 68
72 106
72 50
72 0
72 0
72 0
72 0
72 0
72 0
72 170
72 72
72 80
72 88
72 0
72 146
72 24
72 0
72 0
72 0
72 1
72 0
72 0
72 0
72 0
72 0
72 0
72 0
72 0
72 0
72 0
72 0
72 0
72 0
72 0
72 0
72 0
72 0
72 0
72 0
72 0
72 0
72 0
72 0
72 0
72 0
72 1
72 0
72 0
72 0
72 0
72 0
72 1
72 0
72 0
72 0
72 0
72 0
72 0
72 0
72 0
72 0
72 0
73 0
73 0
73 0
73 0
73 0
73 11
73 100
73 64
73 0
73 71
73 146
73 0
73 0
73 0
73 0
73 0
73 0
73 0
73 0
73 0
73 0
73 0
73 0
73 0
73 1
73 0
73 0
73 32
73 53
73 32
73 152
73 24
73 41
73 0
73 112
73 0
73 277
73 0
73 85
73 0
73 88
73 132
73 224
73 20
73 28
73 0
73 0
73 2
73 0
73 0
73 0
73 0
73 0
73 0
73 0
73 0
73 0
73 0
73 0
73 0
73 0
73 2
73 0
73 0
73 0
73 0
73 0
73 1
73 0
73 1
73 1
73 0
73 0
73 1
73 0
73 0
73 0
73 0
73 1
73 0
73 0
73 0
73 0
73 0
73 1
73 0
73 0
73 0
73 0
73 0
73 0
73 0
73 0
73 0
73 0
73 0
73 0
73 0
73 0
73 0
74 0
74 1
74 1
74 1
74 0
74 0
74 0
74 0
74 25
74 0
74 78
74 26
74 108
74 67
74 38
74 0
74 0
74 1
74 0
74 0
74 0
74 0
74 2
74 1
74 0
74 0
74 0
74 0
74 1
74 0
74 61
74 17
74 60
74 65
74 20
74 4
74 3
74 0
74 170
74 148
74 0
74 45
74 0
74 0
74 0
74 174
74 26
74 243
74 40
74 1
74 95
74 16
74 0
74 1
74 0
74 0
74 0
74 0
74 1
74 0
74 0
74 0
74 0
74 0
74 1
74 0
74 0
74 0
74 0
74 0
74 0
74 0
74 1
74 0
74 0
74 0
74 0
74 0
74 1
74 0
74 1
74 0
74 0
74 0
74 0
74 0
74 0
74 0
74 0
74 0
74 0
74 0
74 0
74 0
74 1
74 0
74 0
74 0
74 0
74 0
75 0
75 1
75 0
75 0
75 0
75 0
75 220
75 16
75 8
75 93
75 44
75 0
75 0
75 0
75 0
75 1
75 2
75 0
75 0
75 1
75 0
75 0
75 1
75 0
75 0
75 0
75 0
75 0
75 12
75 209
75 92
75 15
75 81
75 1
75 72
75 33
75 35
75 60
75 0
75 1
75 0
75 32
75 22
75 28
75 99
75 41
75 31
75 48
75 52
75 44
75 90
75 0
75 1
75 0
75 0
75 1
75 0
75 1
75 0
75 0
75 0
75 0
75 0
75 0
75 0
75 0
75 0
75 0
75 0
75 1
75 0
75 0
75 0
75 0
75 0
75 0
75 1
75 0
75 1
75 0
75 1
75 1
75 2
75 0
75 0
75 0
75 1
75 0
75 0
75 0
75 0
75 0
75 0
75 0
75 0
75 0
75 0
75 0
75 0
75 0
76 0
76 0
76 0
76 0
76 0
76 0
76 21
76 0
76 119
76 27
76 1
76 216
76 0
76 0
76 0
76 2
76 1
76 0
76 0
76 0
76 0
76 0
76 0
76 0
76 0
76 0
76 0
76 0
76 0
76 1
76 62
76 0
76 0
76 8
76 0
76 66
76 53
76 32
76 48
76 121
76 36
76 52
76 97
76 53
76 0
76 0
76 0
76 0
76 204
76 140
76 102
76 9
76 29
76 91
76 0
76 0
76 0
76 0
76 0
76 0
76 0
76 0
76 0
76 0
76 0
76 0
76 0
76 0
76 1
76 0
76 1
76 0
76 0
76 1
76 0
76 0
76 0
76 1
76 0
76 0
76 1
76 0
76 0
76 0
76 0
76 0
76 0
76 0
76 0
76 0
76 1
76 0
76 0
76 0
76 0
76 0
76 0
76 0
76 0
76 0
77 0
77 1
77 0
77 0
77 0
77 0
77 0
77 0
77 52
77 228
77 34
77 66
77 26
77 1
77 0
77 0
77 0
77 0
77 1
77 0
77 0
77 0
77 0
77 0
77 0
77 1
77 1
77 0
77 13
77 25
77 0
77 53
77 101
77 35
77 25
77 43
77 0
77 80
77 40
77 230
77 1
77 1
77 50
77 72
77 138
77 140
77 44
77 0
77 83
77 12
77 1
77 0
77 0
77 0
77 1
77 0
77 0
77 1
77 0
77 0
77 0
77 0
77 0
77 0
77 0
77 0
77 0
77 0
77 0
77 1
77 1
77 0
77 0
77 0
77 1
77 0
77 1
77 0
77 0
77 0
77 0
77 0
77 0
77 1
77 0
77 0
77 0
77 0
77 0
77 1
77 0
77 0
77 0
77 0
77 0
77 0
77 0
77 0
77 0
77 0
78 0
78 0
78 0
78 0
78 0
78 0
78 9
78 113
78 314
78 0
78 0
78 0
78 0
78 0
78 0
78 0
78 0
78 1
78 0
78 0
78 0
78 0
78 0
78 0
78 0
78 64
78 34
78 147
78 112
78 0
78 64
78 0
78 0
78 21
78 182
78 55
78 0
78 0
78 1
78 129
78 18
78 24
78 38
78 144
78 93
78 87
78 1
78 0
78 2
78 0
78 0
78 0
78 0
78 0
78 0
78 0
78 0
78 0
78 0
78 0
78 0
78 0
78 0
78 1
78 0
78 0
78 0
78 1
78 0
78 0
78 0
78 0
78 0
78 0
78 0
78 0
78 0
78 0
78 0
78 0
78 2
78 0
78 2
78 0
78 0
78 0
78 0
78 0
78 0
78 0
78 1
78 0
78 0
78 0
78 0
78 0
78 0
78 0
78 0
78 0
79 1
79 0
79 1
79 0
79 0
79 0
79 45
79 41
79 74
79 16
79 0
79 27
79 191
79 0
79 0
79 0
79 0
79 0
79 1
79 1
79 0
79 0
79 1
79 0
79 1
79 0
79 0
79 1
79 0
79 0
79 0
79 0
79 0
79 16
79 4
79 0
79 136
79 50
79 56
79 0
79 4
79 0
79 1
79 147
79 2
79 50
79 32
79 41
79 28
79 0
79 0
79 0
79 0
79 45
79 197
79 124
79 20
79 0
79 0
79 53
79 70
79 0
79 1
79 1
79 0
79 0
79 1
79 2
79 0
79 0
79 0
79 1
79 0
79 0
79 0
79 0
79 0
79 0
79 0
79 0
79 1
79 0
79 0
79 0
79 0
79 0
79 1
79 0
79 0
79 0
79 0
79 0
79 0
79 0
79 0
79 0
79 1
79 0
79 0
79 0
80 0
80 0
80 0
80 0
80 0
80 0
80 55
80 1
80 127
80 84
80 113
80 0
80 0
80 0
80 1
80 1
80 0
80 1
80 0
80 1
80 0
80 0
80 0
80 1
80 0
80 0
80 0
80 1
80 59
80 3
80 23
80 129
80 124
80 49
80 16
80 23
80 4
80 150
80 47
80 0
80 0
80 0
80 1
80 229
80 42
80 24
80 172
80 20
80 63
80 16
80 1
80 0
80 0
80 1
80 0
80 0
80 0
80 0
80 0
80 0
80 0
80 0
80 0
80 0
80 0
80 0
80 0
80 0
80 0
80 0
80 1
80 0
80 1
80 0
80 0
80 0
80 0
80 0
80 0
80 0
80 0
80 0
80 1
80 0
80 0
80 0
80 0
80 0
80 1
80 1
80 0
80 0
80 0
80 1
80 0
80 0
80 0
80 1
80 0
80 0
81 0
81 0
81 0
81 0
81 0
81 0
81 0
81 59
81 0
81 157
81 0
81 184
81 0
81 0
81 2
81 0
81 0
81 0
81 0
81 1
81 0
81 0
81 0
81 2
81 0
81 0
81 0
81 0
81 0
81 0
81 34
81 9
81 28
81 44
81 74
81 22
81 20
81 16
81 72
81 38
81 1
81 129
81 24
81 54
81 1
81 0
81 0
81 0
81 80
81 197
81 36
81 44
81 28
81 0
81 0
81 40
81 0
81 79
81 0
81 0
81 0
81 2
81 1
81 0
81 0
81 0
81 0
81 0
81 1
81 0
81 0
81 0
81 0
81 0
81 1
81 0
81 0
81 0
81 1
81 0
81 0
81 1
81 0
81 1
81 0
81 0
81 0
81 1
81 1
81 0
81 0
81 1
81 1
81 1
81 0
81 0
81 0
81 0
81 1
81 0
82 0
82 0
82 0
82 1
82 0
82 1
82 0
82 0
82 28
82 0
82 127
82 228
82 0
82 1
82 1
82 1
82 0
82 0
82 1
82 1
82 0
82 0
82 1
82 0
82 0
82 0
82 0
82 0
82 0
82 0
82 24
82 25
82 174
82 24
82 55
82 17
82 0
82 0
82 47
82 14
82 48
82 91
82 38
82 0
82 0
82 0
82 176
82 95
82 72
82 28
82 119
82 31
82 8
82 0
82 1
82 0
82 0
82 0
82 1
82 0
82 0
82 1
82 0
82 0
82 0
82 0
82 0
82 0
82 1
82 1
82 0
82 0
82 0
82 0
82 0
82 0
82 0
82 0
82 0
82 0
82 0
82 1
82 0
82 0
82 0
82 0
82 2
82 0
82 0
82 0
82 1
82 0
82 0
82 1
82 0
82 0
82 0
82 0
82 0
82 0
83 1
83 0
83 0
83 0
83 0
83 43
83 54
83 20
83 3
83 56
83 24
83 62
83 34
83 0
83 1
83 0
83 0
83 0
83 1
83 0
83 0
83 0
83 0
83 1
83 0
83 0
83 1
83 0
83 0
83 28
83 4
83 21
83 24
83 67
83 26
83 16
83 46
83 0
83 49
83 65
83 11
83 56
83 84
83 1
83 20
83 1
83 230
83 256
83 17
83 12
83 50
83 14
83 0
83 0
83 0
83 1
83 1
83 0
83 2
83 0
83 0
83 0
83 1
83 1
83 1
83 0
83 0
83 0
83 1
83 0
83 1
83 0
83 0
83 1
83 0
83 0
83 0
83 0
83 0
83 0
83 0
83 0
83 1
83 0
83 0
83 0
83 0
83 0
83 0
83 1
83 0
83 0
83 0
83 0
83 0
83 0
83 0
83 1
83 0
83 1
84 1
84 0
84 2
84 0
84 0
84 0
84 1
84 0
84 0
84 16
84 144
84 0
84 0
84 30
84 129
84 45
84 0
84 0
84 0
84 0
84 1
84 0
84 0
84 0
84 1
84 0
84 0
84 0
84 0
84 0
84 0
84 0
84 1
84 0
84 0
84 1
84 1
84 21
84 0
84 32
84 201
84 55
84 15
84 81
84 8
84 158
84 35
84 0
84 0
84 84
84 44
84 88
84 140
84 24
84 65
84 31
84 1
84 1
84 0
84 0
84 0
84 0
84 0
84 0
84 0
84 0
84 0
84 0
84 0
84 0
84 0
84 0
84 1
84 0
84 0
84 0
84 1
84 0
84 0
84 0
84 0
84 2
84 1
84 0
84 0
84 0
84 0
84 0
84 0
84 1
84 0
84 0
84 0
84 0
84 0
84 0
84 0
84 1
84 0
84 0
85 0
85 1
85 0
85 0
85 0
85 0
85 0
85 33
85 153
85 100
85 120
85 0
85 0
85 0
85 0
85 1
85 0
85 0
85 1
85 0
85 0
85 0
85 1
85 0
85 0
85 1
85 0
85 68
85 52
85 136
85 34
85 0
85 0
85 36
85 0
85 72
85 68
85 20
85 39
85 88
85 53
85 0
85 0
85 0
85 86
85 136
85 244
85 0
85 40
85 0
85 88
85 1
85 0
85 0
85 0
85 0
85 0
85 0
85 0
85 0
85 0
85 1
85 0
85 0
85 0
85 0
85 0
85 1
85 1
85 1
85 0
85 0
85 2
85 0
85 0
85 0
85 0
85 0
85 0
85 0
85 0
85 0
85 0
85 0
85 0
85 0
85 0
85 0
85 0
85 0
85 0
85 0
85 0
85 0
85 0
85 0
85 0
85 0
85 0
85 0
86 1
86 1
86 0
86 2
86 0
86 63
86 40
86 0
86 1
86 37
86 16
86 100
86 1
86 0
86 0
86 0
86 1
86 2
86 0
86 1
86 1
86 1
86 0
86 0
86 0
86 0
86 0
86 0
86 1
86 0
86 0
86 207
86 76
86 0
86 14
86 0
86 1
86 113
86 24
86 28
86 50
86 30
86 59
86 0
86 0
86 149
86 92
86 24
86 97
86 43
86 50
86 27
86 8
86 1
86 0
86 0
86 0
86 0
86 0
86 1
86 1
86 1
86 0
86 0
86 0
86 1
86 1
86 0
86 0
86 1
86 1
86 0
86 0
86 0
86 2
86 1
86 0
86 0
86 0
86 1
86 0
86 1
86 0
86 0
86 0
86 0
86 1
86 0
86 0
86 1
86 1
86 0
86 0
86 0
86 0
86 1
86 0
86 0
86 0
86 0
87 0
87 0
87 0
87 0
87 0
87 2
87 0
87 0
87 1
87 37
87 33
87 67
87 182
87 38
87 0
87 0
87 1
87 0
87 0
87 0
87 0
87 0
87 0
87 0
87 1
87 0
87 0
87 1
87 0
87 0
87 0
87 0
87 1
87 64
87 4
87 9
87 1
87 0
87 160
87 225
87 243
87 0
87 0
87 86
87 402
87 0
87 44
87 8
87 58
87 0
87 0
87 0
87 0
87 0
87 0
87 0
87 0
87 0
87 0
87 0
87 0
87 0
87 2
87 1
87 0
87 0
87 0
87 0
87 0
87 0
87 0
87 0
87 0
87 0
87 0
87 1
87 1
87 0
87 1
87 0
87 0
87 0
87 0
87 1
87 0
87 0
87 0
87 0
87 0
87 0
87 0
87 0
87 0
87 0
87 0
87 0
87 1
87 0
87 0
87 0
88 0
88 0
88 0
88 1
88 0
88 0
88 0
88 38
88 0
88 154
88 141
88 40
88 0
88 0
88 0
88 0
88 0
88 0
88 0
88 0
88 0
88 0
88 0
88 0
88 1
88 0
88 0
88 0
88 1
88 0
88 0
88 0
88 1
88 35
88 42
88 0
88 137
88 0
88 76
88 0
88 21
88 100
88 43
88 46
88 82
88 46
88 1
88 0
88 0
88 0
88 0
88 90
88 32
88 39
88 40
88 1
88 20
88 56
88 36
88 56
88 2
88 62
88 23
88 0
88 0
88 0
88 0
88 0
88 0
88 0
88 0
88 1
88 0
88 0
88 0
88 0
88 1
88 0
88 0
88 0
88 0
88 0
88 1
88 0
88 0
88 1
88 0
88 0
88 0
88 0
88 0
88 0
88 0
88 0
88 1
88 0
88 0
88 0
88 0
88 0
89 0
89 0
89 0
89 1
89 0
89 0
89 1
89 0
89 62
89 78
89 64
89 0
89 69
89 106
89 28
89 0
89 1
89 0
89 0
89 0
89 1
89 0
89 2
89 0
89 1
89 1
89 1
89 0
89 0
89 61
89 138
89 47
89 460
89 55
89 1
89 1
89 1
89 40
89 141
89 88
89 146
89 0
89 0
89 52
89 0
89 0
89 94
89 0
89 0
89 1
89 0
89 0
89 0
89 2
89 0
89 1
89 0
89 0
89 0
89 0
89 0
89 0
89 0
89 0
89 0
89 0
89 0
89 0
89 0
89 1
89 0
89 0
89 0
89 1
89 0
89 0
89 0
89 0
89 0
89 0
89 0
89 0
89 0
89 0
89 0
89 0
89 0
89 0
89 0
89 0
89 0
89 0
89 0
89 0
89 0
89 0
89 0
89 0
89 0
89 0
90 0
90 0
90 0
90 0
90 0
90 3
90 0
90 34
90 239
90 0
90 0
90 0
90 0
90 0
90 0
90 0
90 2
90 0
90 0
90 1
90 0
90 0
90 0
90 0
90 0
90 0
90 0
90 0
90 44
90 0
90 0
90 37
90 24
90 40
90 52
90 35
90 1
90 16
90 3
90 3
90 43
90 28
90 93
90 16
90 34
90 0
90 46
90 0
90 0
90 164
90 38
90 22
90 80
90 167
90 56
90 19
90 1
90 0
90 0
90 0
90 0
90 0
90 0
90 0
90 0
90 1
90 1
90 0
90 0
90 0
90 0
90 0
90 0
90 0
90 0
90 0
90 0
90 1
90 0
90 0
90 0
90 0
90 0
90 1
90 0
90 0
90 2
90 0
90 0
90 0
90 0
90 0
90 0
90 0
90 0
90 0
90 0
90 0
90 0
90 0
91 0
91 0
91 0
91 0
91 1
91 0
91 32
91 155
91 0
91 72
91 166
91 1
91 1
91 1
91 0
91 0
91 0
91 0
91 0
91 0
91 0
91 1
91 1
91 0
91 0
91 0
91 1
91 0
91 0
91 61
91 36
91 146
91 59
91 11
91 56
91 63
91 56
91 99
91 32
91 0
91 1
91 0
91 0
91 76
91 0
91 40
91 292
91 40
91 0
91 0
91 47
91 114
91 0
91 0
91 0
91 0
91 0
91 1
91 0
91 0
91 0
91 1
91 1
91 0
91 0
91 0
91 0
91 0
91 1
91 1
91 1
91 0
91 0
91 0
91 0
91 0
91 0
91 0
91 0
91 0
91 0
91 0
91 0
91 0
91 0
91 0
91 0
91 0
91 0
91 0
91 0
91 0
91 0
91 0
91 1
91 0
91 0
91 0
91 0
91 0
92 1
92 0
92 0
92 0
92 1
92 0
92 53
92 92
92 0
92 0
92 0
92 104
92 115
92 0
92 0
92 0
92 1
92 0
92 0
92 0
92 0
92 0
92 0
92 0
92 0
92 1
92 0
92 0
92 27
92 0
92 2
92 24
92 0
92 66
92 142
92 37
92 60
92 44
92 100
92 36
92 35
92 0
92 0
92 1
92 106
92 24
92 196
92 42
92 44
92 46
92 24
92 0
92 1
92 0
92 0
92 0
92 0
92 0
92 0
92 0
92 0
92 0
92 0
92 0
92 0
92 0
92 1
92 1
92 0
92 0
92 0
92 1
92 1
92 0
92 0
92 0
92 0
92 0
92 0
92 0
92 0
92 0
92 0
92 0
92 0
92 0
92 3
92 0
92 0
92 0
92 0
92 1
92 0
92 0
92 0
92 0
92 0
92 0
92 0
92 0
93 0
93 0
93 0
93 0
93 0
93 0
93 48
93 38
93 34
93 22
93 4
93 4
93 172
93 0
93 0
93 2
93 1
93 1
93 0
93 0
93 0
93 0
93 1
93 0
93 0
93 0
93 0
93 0
93 0
93 0
93 0
93 0
93 57
93 1
93 42
93 141
93 0
93 20
93 7
93 6
93 9
93 0
93 124
93 1
93 79
93 152
93 0
93 2
93 0
93 331
93 143
93 44
93 0
93 80
93 22
93 0
93 0
93 0
93 0
93 0
93 0
93 1
93 0
93 1
93 0
93 1
93 0
93 0
93 0
93 1
93 0
93 0
93 0
93 0
93 0
93 0
93 1
93 0
93 0
93 0
93 0
93 0
93 0
93 1
93 0
93 0
93 1
93 0
93 0
93 0
93 0
93 1
93 1
93 0
93 0
93 1
93 0
93 0
93 0
93 0
94 0
94 0
94 0
94 0
94 0
94 0
94 0
94 0
94 17
94 144
94 45
94 146
94 35
94 0
94 1
94 0
94 0
94 0
94 0
94 1
94 0
94 0
94 0
94 0
94 1
94 0
94 0
94 0
94 1
94 0
94 28
94 0
94 0
94 32
94 0
94 29
94 82
94 60
94 208
94 5
94 128
94 0
94 20
94 0
94 0
94 96
94 45
94 20
94 142
94 47
94 122
94 59
94 1
94 0
94 0
94 0
94 0
94 1
94 0
94 0
94 0
94 1
94 0
94 1
94 0
94 0
94 0
94 0
94 0
94 0
94 0
94 0
94 0
94 0
94 0
94 0
94 0
94 0
94 0
94 0
94 0
94 0
94 0
94 1
94 0
94 0
94 0
94 0
94 0
94 1
94 1
94 0
94 0
94 0
94 0
94 1
94 0
94 0
94 0
94 0
95 0
95 0
95 0
95 0
95 0
95 0
95 0
95 1
95 60
95 29
95 28
95 32
95 16
95 96
95 9
95 0
95 0
95 0
95 1
95 0
95 0
95 0
95 0
95 0
95 0
95 0
95 0
95 0
95 0
95 0
95 0
95 0
95 1
95 0
95 0
95 10
95 0
95 108
95 60
95 28
95 0
95 20
95 0
95 312
95 48
95 36
95 0
95 0
95 0
95 72
95 88
95 48
95 50
95 16
95 24
95 105
95 139
95 0
95 0
95 1
95 1
95 2
95 0
95 0
95 0
95 0
95 0
95 0
95 1
95 0
95 0
95 0
95 0
95 0
95 0
95 0
95 0
95 0
95 0
95 0
95 1
95 0
95 0
95 0
95 1
95 0
95 0
95 0
95 1
95 0
95 0
95 0
95 0
95 1
95 0
95 0
95 0
95 0
95 0
95 0
96 0
96 0
96 0
96 0
96 0
96 0
96 0
96 35
96 24
96 104
96 5
96 38
96 140
96 0
96 0
96 1
96 0
96 0
96 1
96 0
96 0
96 0
96 0
96 0
96 0
96 0
96 0
96 1
96 0
96 1
96 1
96 0
96 60
96 1
96 48
96 0
96 195
96 34
96 44
96 1
96 96
96 156
96 0
96 0
96 0
96 208
96 46
96 68
96 84
96 11
96 34
96 70
96 17
96 0
96 1
96 0
96 0
96 0
96 0
96 0
96 1
96 0
96 0
96 1
96 0
96 1
96 0
96 0
96 0
96 0
96 0
96 0
96 1
96 0
96 0
96 0
96 0
96 2
96 0
96 0
96 0
96 0
96 0
96 0
96 0
96 0
96 0
96 0
96 1
96 0
96 1
96 1
96 0
96 0
96 0
96 0
96 0
96 0
96 0
96 0
97 0
97 0
97 1
97 0
97 0
97 0
97 0
97 26
97 9
97 82
97 12
97 26
97 28
97 56
97 42
97 43
97 0
97 1
97 0
97 0
97 0
97 0
97 0
97 0
97 0
97 0
97 0
97 0
97 1
97 0
97 0
97 0
97 0
97 1
97 0
97 8
97 0
97 41
97 153
97 24
97 62
97 0
97 92
97 40
97 48
97 15
97 96
97 0
97 0
97 0
97 229
97 31
97 184
97 145
97 4
97 0
97 1
97 0
97 0
97 0
97 0
97 0
97 0
97 0
97 1
97 0
97 0
97 0
97 0
97 0
97 0
97 0
97 0
97 0
97 0
97 0
97 0
97 0
97 0
97 0
97 0
97 2
97 0
97 0
97 0
97 0
97 0
97 0
97 0
97 0
97 0
97 0
97 0
97 0
97 0
97 0
97 0
97 0
97 0
97 1
98 0
98 0
98 0
98 0
98 1
98 0
98 8
98 81
98 20
98 21
98 16
98 189
98 46
98 0
98 0
98 1
98 0
98 0
98 0
98 1
98 0
98 0
98 0
98 0
98 0
98 0
98 0
98 0
98 0
98 0
98 40
98 42
98 68
98 64
98 41
98 0
98 41
98 0
98 119
98 19
98 0
98 164
98 54
98 1
98 0
98 0
98 0
98 81
98 76
98 187
98 1
98 156
98 1
98 90
98 28
98 1
98 1
98 0
98 0
98 1
98 1
98 1
98 1
98 0
98 1
98 0
98 0
98 0
98 0
98 0
98 1
98 1
98 0
98 0
98 1
98 0
98 0
98 0
98 0
98 0
98 0
98 0
98 2
98 1
98 0
98 0
98 0
98 0
98 0
98 0
98 0
98 0
98 1
98 0
98 0
98 0
98 0
98 0
98 0
98 0
99 0
99 0
99 0
99 1
99 0
99 1
99 0
99 28
99 30
99 62
99 36
99 152
99 0
99 0
99 0
99 0
99 0
99 0
99 1
99 0
99 1
99 0
99 0
99 0
99 0
99 0
99 0
99 1
99 0
99 0
99 1
99 0
99 8
99 28
99 32
99 0
99 68
99 61
99 73
99 0
99 23
99 36
99 22
99 0
99 219
99 0
99 0
99 94
99 34
99 31
99 32
99 24
99 97
99 28
99 0
99 0
99 46
99 0
99 48
99 12
99 0
99 1
99 0
99 1
99 0
99 0
99 0
99 0
99 0
99 0
99 0
99 0
99 1
99 1
99 0
99 0
99 1
99 0
99 0
99 0
99 0
99 0
99 0
99 0
99 0
99 0
99 0
99 0
99 1
99 0
99 1
99 0
99 0
99 0
99 0
99 0
99 1
99 0
99 0
99 0
