0 0.6
1 1.49
2 0.97
3 1.28
4 1.34
5 0.81
6 0.68
7 1.31
8 0.79
9 1.57
10 1.61
11 0.89
12 1.18
13 1.04
14 0.92
15 1.65
16 1.58
17 0.69
18 1.14
19 0.69
20 1.29
21 0.79
22 1.66
23 0.89
24 2.09
25 0.84
26 0.74
27 1.69
28 0.92
29 1.31
30 1.31
31 1.09
32 1.01
33 1.83
34 0.74
35 2.04
36 0.71
37 1.48
38 1.5
39 0.93
40 0.89
41 2.35
42 0.87
43 1.74
44 1.53
45 0.94
46 0.79
47 1.53
48 0.63
49 1.23
50 0.69
51 1.15
52 1.49
53 0.9
54 0.93
55 1.49
56 0.73
57 1.95
58 0.73
59 1.29
60 0.97
61 1.59
62 1.94
63 1.04
64 1.01
65 1.7
66 0.93
67 2.02
68 0.83
69 1.23
70 0.83
71 1.54
72 0.86
73 1.36
74 1.51
75 0.83
76 0.73
77 1.34
78 0.97
79 1.19
80 1.57
81 0.84
82 0.77
83 1.62
84 1.71
85 0.83
86 0.8
87 1.32
88 2.02
89 0.92
90 0.87
91 2.08
92 0.57
93 1.46
94 0.74
95 1.23
96 0.79
97 1.45
98 0.59
99 2.09
