0 0.93
1 1.39
2 1.22
3 0.95
4 0.74
5 2.12
6 0.72
7 1.8
8 1.72
9 0.91
10 0.81
11 1.44
12 0.66
13 1.61
14 1.99
15 1.08
16 0.87
17 1.78
18 0.9
19 1.36
20 1.22
21 2.41
22 1.58
23 1.22
24 1.4
25 1.08
26 2.61
27 0.75
28 1.87
29 0.69
30 1.61
31 0.96
32 0.77
33 1.99
34 1.61
35 0.87
36 0.78
37 1.51
38 1.74
39 1.15
40 0.7
41 1.55
42 0.88
43 1.74
44 0.74
45 1.53
46 0.72
47 1.43
48 1.31
49 1.07
50 0.9
51 1.49
52 0.78
53 1.51
54 1.53
55 1.33
56 1.14
57 1.44
58 1.54
59 0.84
60 1.32
61 1.49
62 1.16
63 1.76
64 0.74
65 1.99
66 1.47
67 1.87
68 0.69
69 2.2
70 0.92
71 1.39
72 1.41
73 0.94
74 1.41
75 1.12
76 0.96
77 1.36
78 1.32
79 0.9
80 0.94
81 1.22
82 1.51
83 0.98
84 1.98
85 0.77
86 1.61
87 1.49
88 0.87
89 1.49
90 1.92
91 0.91
92 0.81
93 2.03
94 1.01
95 1.32
96 0.74
97 1.79
98 1.55
99 0.84
